1165.852133 4476.795906 364.000000
1179.541932 4561.251744 1025.000000
1046.257895 4456.440818 1221.000000
882.038447 4420.171233 133.000000
699.962247 4265.493548 676.000000
516.108820 4240.929738 1495.000000
542.265224 3851.612906 1241.000000
546.423281 3736.081516 1244.000000
753.475768 3667.231283 871.000000
869.494658 3596.723198 427.000000
1165.795243 3520.648374 1096.000000
1225.296194 3553.137674 511.000000
1352.039092 3721.017877 1073.000000
1385.959010 3813.085865 892.000000
1371.090157 3912.263063 276.000000
1259.832401 4003.170586 62.000000
1052.173623 3882.088044 1452.000000
917.712278 3990.259037 735.000000
1251.519183 4282.913382 56.000000
1441.328219 4403.374681 179.000000
1590.661091 4240.949850 1425.000000
1596.608340 4196.364011 771.000000
1571.599395 3871.028653 161.000000
1620.972176 3679.360451 1441.000000
2065.440557 3859.441436 717.000000
2014.277024 3953.945750 1365.000000
2149.343696 4019.506948 171.000000
2200.523104 4191.803562 828.000000
2373.655710 4031.511449 1234.000000
2433.149173 3938.152731 1283.000000
2553.335467 3909.188488 237.000000
2536.078101 3864.648106 66.000000
2653.886100 3863.676825 1392.000000
2746.695756 3715.576615 1292.000000
2934.118459 3728.947744 502.000000
2932.938539 3898.023732 77.000000
2847.861407 4006.663889 655.000000
2836.559556 4056.455723 297.000000
2925.216264 4109.742173 57.000000
3010.890425 4035.368308 899.000000
3028.154016 4184.547246 1187.000000
2805.631744 4252.723411 361.000000
2716.380620 4209.076601 1360.000000
2580.135787 4342.175068 942.000000
2502.783659 4284.959307 143.000000
2424.245240 4289.754803 145.000000
2430.199768 4367.495116 1260.000000
2322.510026 4426.000498 523.000000
2240.402136 4438.701600 1028.000000
2357.033390 4660.182146 1068.000000
2367.154231 4761.152596 1019.000000
2534.950372 4910.903561 1413.000000
2574.817484 4957.446547 815.000000
2493.905352 5067.246479 38.000000
2292.798549 5065.214273 244.000000
2100.623735 5183.118743 514.000000
2173.226491 5417.629152 1410.000000
2199.408380 5456.649510 694.000000
2424.906251 5399.364231 977.000000
2339.838679 5668.679749 627.000000
2364.838115 5834.200646 646.000000
2577.848715 5903.353768 938.000000
2607.613314 6156.972198 120.000000
2691.509613 6202.068346 204.000000
2502.303357 6212.528998 1268.000000
2421.981018 6234.973444 151.000000
2199.458537 6299.627743 247.000000
2244.097112 6540.159037 460.000000
2322.043568 6586.248147 1245.000000
2304.793444 6663.407808 1373.000000
2347.042804 6748.403705 456.000000
2332.174118 6850.398396 1270.000000
2198.900791 6925.593962 697.000000
2233.416630 7033.301483 1039.000000
2100.740495 7145.502571 1165.000000
2054.918540 7015.897342 397.000000
1742.553935 7103.990022 1257.000000
1598.568960 7148.509141 1253.000000
1520.031356 7167.000783 841.000000
1480.164454 7123.979664 231.000000
1373.658144 7072.419881 867.000000
1399.831484 6967.748099 1419.000000
1478.961665 6908.702658 657.000000
1545.591201 6751.322293 720.000000
1513.459469 6713.294898 373.000000
1568.780002 6485.493335 1482.000000
1881.146143 6423.227674 402.000000
1937.075146 6421.986295 858.000000
2006.698615 6583.620974 734.000000
2012.058535 6667.792116 1126.000000
1900.795238 6665.565845 1013.000000
2152.471073 6581.324631 149.000000
1920.997329 6202.108830 1288.000000
1537.221801 6086.813638 1097.000000
1419.414161 6093.811223 1325.000000
1198.669635 6040.560783 152.000000
973.761739 6013.542859 1191.000000
960.676219 6085.209882 817.000000
905.940487 6141.757279 758.000000
873.816130 6227.699572 635.000000
981.484009 5801.746154 1277.000000
857.118736 5594.603017 449.000000
828.558067 5575.436198 885.000000
688.144761 5648.990174 937.000000
511.434167 5674.043598 1459.000000
261.538630 5679.746711 1208.000000
255.591194 5721.202002 1334.000000
327.600697 5984.917975 1238.000000
248.473077 6087.008447 1480.000000
16.444763 6387.134705 896.000000
425.207392 6460.630273 114.000000
413.906402 6524.900890 915.000000
506.731938 6643.679872 1237.000000
595.994769 6884.081604 1108.000000
534.711862 6902.268532 1134.000000
510.323677 7010.031243 164.000000
419.289381 6996.633837 976.000000
421.071174 6943.218381 457.000000
570.426178 7152.780880 489.000000
523.432489 7329.839211 119.000000
748.337265 7304.420461 926.000000
1061.892957 7234.928127 270.000000
1086.290870 7290.658270 80.000000
1341.551748 7460.225237 1116.000000
1114.278418 7677.364595 610.000000
1030.385639 7691.435799 954.000000
939.354930 7738.301436 412.000000
1076.814323 8018.330591 1098.000000
1034.573317 8073.739758 10.000000
1070.872546 8154.876269 6.000000
1155.955024 8136.082831 394.000000
1288.042139 8124.229004 63.000000
1464.158572 8113.119722 879.000000
1482.600598 8068.256554 443.000000
1520.677028 8018.809607 110.000000
1454.645745 8231.039615 865.000000
1508.799252 8389.026205 365.000000
1524.876334 8596.538007 1364.000000
1326.152972 8652.994218 634.000000
1204.786609 8848.530012 1076.000000
1005.460229 8770.072823 1345.000000
906.702951 8956.497777 565.000000
801.389399 8951.635006 1225.000000
743.086054 9047.315223 803.000000
710.971305 9294.715514 138.000000
720.504043 9511.451171 234.000000
859.731306 9504.056428 317.000000
1012.626053 9206.077908 988.000000
1032.853430 9167.592744 853.000000
1211.358407 9300.748887 742.000000
1332.726353 9131.822749 556.000000
1679.018662 9266.654951 356.000000
1770.046368 9169.309232 291.000000
1601.645891 8862.496241 705.000000
1927.697115 8805.405297 241.000000
1917.576181 8702.869573 83.000000
1993.133543 8595.458143 1081.000000
2007.996380 8395.164254 212.000000
2220.988731 8157.601966 106.000000
2308.442095 7986.298030 659.000000
2453.617227 7944.726519 484.000000
2325.685989 7804.421549 1415.000000
2188.831187 7685.758922 907.000000
2326.266203 7556.077646 475.000000
2435.144322 7470.623142 900.000000
2676.705370 7387.154278 515.000000
2957.533013 7257.342603 596.000000
3160.420620 7189.367449 310.000000
3220.514354 7184.746553 446.000000
3243.124473 7193.010253 1128.000000
3269.907927 7342.525738 713.000000
3335.964164 7549.710859 1348.000000
3233.628242 7589.861945 833.000000
3228.277831 7665.505264 569.000000
2894.489543 7685.749162 1437.000000
2913.565283 8291.713655 1181.000000
2714.253735 8462.526327 631.000000
2575.019911 8359.647528 1107.000000
2476.863569 8646.002011 256.000000
2439.387609 8787.552118 800.000000
2375.132806 8857.067795 286.000000
2174.029780 8918.507443 385.000000
2507.236718 9127.511107 343.000000
2495.351617 9374.618916 1008.000000
2561.994192 9436.376891 639.000000
2726.212844 9459.263384 232.000000
3020.148819 9641.198516 785.000000
3292.059742 9648.076813 1310.000000
3365.258804 9904.722641 796.000000
3553.870918 9908.519187 726.000000
3750.786853 9474.636805 1484.000000
3930.464896 9323.512804 155.000000
3865.004975 9138.619629 1082.000000
3905.450447 8905.669762 764.000000
4066.690614 8869.141880 369.000000
4169.027984 8853.330803 876.000000
4157.123777 8779.322681 597.000000
4260.054736 8739.941026 906.000000
4468.291707 8578.713224 1282.000000
4562.299272 8563.869669 595.000000
4706.883754 8595.253126 975.000000
4652.746718 8714.085216 239.000000
4805.073312 8867.153562 125.000000
4512.342831 8945.966642 1280.000000
4427.266058 9060.633103 537.000000
4628.971426 9122.758619 520.000000
4746.196845 9330.373285 715.000000
4609.358150 9482.424771 1397.000000
4468.933281 9361.649998 55.000000
4457.032515 9345.478746 1060.000000
4239.285292 9667.906263 783.000000
4264.871159 9689.565287 253.000000
4264.879508 9829.892088 497.000000
4205.977863 9869.940025 424.000000
4640.919219 9929.314903 407.000000
4662.324313 9684.735024 1115.000000
5003.245485 9546.858850 1264.000000
4993.127093 9487.055102 1254.000000
5156.173308 9804.787338 872.000000
4944.367793 9989.495222 665.000000
5444.742020 9779.129485 732.000000
5619.657131 9577.396260 1161.000000
5823.162252 9887.969382 330.000000
6443.725259 9690.432213 486.000000
6602.597459 9855.486164 393.000000
6800.140779 9966.071085 91.000000
6829.873979 9691.957435 1449.000000
6751.929380 9677.095539 798.000000
6816.180570 9546.847236 518.000000
6693.013071 9470.691108 763.000000
6684.084342 9405.539017 1017.000000
6551.396328 9318.089424 989.000000
6593.041675 9251.423492 576.000000
6534.135447 9214.459955 893.000000
6664.434535 9151.226501 42.000000
6604.929332 9047.282449 910.000000
6631.100362 8903.791876 1353.000000
6822.091209 8886.952246 869.000000
6836.375774 8967.638220 820.000000
6817.318325 8669.093511 864.000000
6608.468628 8532.228115 552.000000
6730.428933 8319.069784 994.000000
6485.881631 8212.580433 1227.000000
6451.371664 8203.563429 264.000000
6356.179028 8300.923327 886.000000
6332.984295 8467.044341 314.000000
6191.376404 8463.221937 275.000000
6186.619357 8511.538021 398.000000
6252.670752 8637.328902 1290.000000
6187.226808 8720.958456 1469.000000
6363.348186 8792.965216 122.000000
6089.075592 9093.481265 216.000000
6283.645111 9223.385085 139.000000
6236.051827 9323.053830 1173.000000
6942.307580 9363.493193 1420.000000
7102.359471 9355.636234 59.000000
7372.483498 9330.152981 401.000000
7377.233364 9161.154283 840.000000
7584.883360 9134.631501 512.000000
7628.911448 9114.714432 1344.000000
7841.916963 9098.403602 335.000000
7994.238659 9169.138544 671.000000
8079.325644 9226.104361 388.000000
8247.706619 9205.149007 411.000000
8259.015995 9281.831300 774.000000
8483.328097 9295.322811 601.000000
8494.043345 9386.497093 195.000000
8627.909147 9269.025926 1497.000000
8670.741985 9160.540769 998.000000
8809.369658 9075.834704 224.000000
8814.723044 9050.201885 806.000000
8859.934182 8913.802029 308.000000
8953.339275 8773.201927 1075.000000
8991.408329 8599.785291 321.000000
9012.820636 8476.435872 1214.000000
9105.047010 8525.103791 1324.000000
9310.913314 8520.064879 993.000000
9548.907880 8494.746913 741.000000
9770.258861 8740.669358 1248.000000
9829.762424 8817.064589 752.000000
9908.313509 9025.146337 695.000000
9816.098092 9160.632887 1122.000000
9736.374123 9239.883567 495.000000
9888.101225 9317.284128 1035.000000
9947.612155 9517.492521 1278.000000
9999.977313 9618.699290 656.000000
9817.914539 9689.655830 134.000000
9803.633173 9662.737013 1440.000000
9400.824383 9655.398731 1222.000000
9408.571883 9867.634713 1447.000000
9308.612845 9856.078937 430.000000
9156.295200 9853.433408 983.000000
9128.913479 9648.833489 84.000000
9011.100418 9564.732136 1442.000000
8964.691092 9563.179514 1070.000000
8873.062240 9557.073838 935.000000
8808.204331 9490.189105 836.000000
8758.225869 9502.177075 1170.000000
8679.095981 9566.153129 1465.000000
8831.401783 9369.774088 1182.000000
9095.566184 9180.851779 821.000000
9349.047490 9441.165984 1370.000000
9424.607474 9377.817013 754.000000
9519.187812 8989.564175 1330.000000
9185.981196 8785.960706 229.000000
8761.750790 8745.522722 701.000000
8605.864448 8763.774572 995.000000
8500.558160 8881.003162 784.000000
8457.725932 8999.740863 698.000000
8419.650913 9072.901709 773.000000
8289.929106 8838.485134 772.000000
8235.784931 8837.338983 982.000000
8199.471258 8513.428498 1063.000000
8076.901859 8489.539311 199.000000
8023.343262 8330.209031 1218.000000
8044.756226 8217.894793 1431.000000
7813.316471 8409.925685 1387.000000
7793.096512 8573.084911 1183.000000
7719.920942 8711.279411 341.000000
7752.649993 8788.425447 1435.000000
7822.856483 8748.909230 970.000000
7941.848942 8655.169061 46.000000
7605.093377 8804.379291 1331.000000
7442.061737 8731.612414 1158.000000
7441.456629 8561.558616 1472.000000
7489.649759 8543.505696 419.000000
7433.123429 8505.471907 140.000000
7456.917501 8412.435976 1454.000000
7263.541672 8344.881906 1259.000000
7243.905746 8323.873458 1077.000000
7528.892163 8090.583001 673.000000
7646.697223 8040.227330 1164.000000
7746.656592 8057.339828 131.000000
7553.872358 7932.718321 225.000000
7686.546267 7783.107188 743.000000
7743.659400 7683.540200 788.000000
7643.693768 7561.163035 738.000000
7729.370234 7525.529697 629.000000
7529.454314 7538.654235 973.000000
7564.570232 7731.890766 1034.000000
7201.033457 7769.308611 176.000000
6944.591597 7750.973510 1381.000000
6802.398663 7914.335559 202.000000
6503.719583 8015.038007 678.000000
6237.741497 7721.347743 203.000000
6143.142509 7796.154492 346.000000
6036.049987 7892.134976 624.000000
5831.367125 7787.265250 1336.000000
5751.639118 7798.661309 513.000000
5708.198513 7692.404100 19.000000
5657.624340 7692.274404 637.000000
5610.624200 7760.937520 198.000000
5336.925646 7709.332010 802.000000
5304.798766 7752.855382 1027.000000
5272.073478 7738.946410 1047.000000
5171.514668 7647.027028 1205.000000
5067.393568 7683.695866 167.000000
5028.725930 7796.706137 471.000000
4933.540241 8010.835465 147.000000
4905.589863 8248.829934 1058.000000
4766.954298 8200.879040 384.000000
4586.667844 8126.460285 1113.000000
4548.001659 8263.888829 1024.000000
4386.163081 8242.906103 1438.000000
4416.502078 8150.429278 252.000000
4305.828714 8063.195431 390.000000
4146.968664 8102.331454 570.000000
4011.312036 8121.386514 345.000000
3935.754133 8219.719356 747.000000
3785.817155 8228.917084 1119.000000
3650.758864 8304.230533 1460.000000
3652.529066 8056.016745 928.000000
4082.127271 8313.048039 843.000000
4230.882397 8440.446867 1312.000000
4461.704388 7865.641461 1166.000000
4323.661860 7784.884874 859.000000
4270.702398 7695.196074 309.000000
4326.033413 7643.566084 367.000000
4389.687048 7470.207693 33.000000
4216.543680 7449.632412 262.000000
4259.376374 7338.721080 294.000000
4244.495488 7235.664896 1065.000000
4337.300865 7015.640352 29.000000
4350.975903 6852.000284 1481.000000
4528.283698 6864.108907 1042.000000
4514.584273 6617.882017 759.000000
4518.740598 6473.236534 1498.000000
4511.004465 6452.042226 540.000000
4518.734629 6372.902480 100.000000
4659.742752 6296.439542 293.000000
4676.390912 6102.054075 318.000000
4893.567499 6188.958877 1137.000000
4912.594950 5983.328878 439.000000
4870.348682 5950.300072 1015.000000
5058.951362 5795.534377 493.000000
4908.408972 5629.591167 682.000000
4807.846772 5480.695816 127.000000
4962.534255 5313.221517 856.000000
4960.151950 5273.829440 326.000000
5072.600630 5198.783034 1246.000000
5183.270092 5220.431907 593.000000
5186.237760 5098.039724 1103.000000
5029.157118 5043.689280 933.000000
4919.678585 5037.979789 380.000000
5192.770904 4900.591688 1064.000000
5331.392998 4722.125719 383.000000
5568.207347 4860.874864 1006.000000
5710.994176 4679.107640 660.000000
5872.238505 4712.547499 1118.000000
5998.964629 4598.521881 964.000000
6085.236187 4564.597138 581.000000
6360.129088 4689.587580 947.000000
6449.377698 4690.971996 850.000000
6458.302176 4684.669336 267.000000
6507.680522 4586.526246 1216.000000
6693.315090 4546.717682 1016.000000
6709.973582 4525.999350 1272.000000
6698.065217 4382.101751 312.000000
6696.864486 4201.417297 445.000000
6842.624730 3993.835288 32.000000
6754.560963 3906.099607 1121.000000
6872.960193 3841.956320 1021.000000
6834.874957 3743.406624 1232.000000
7010.405342 3882.576839 54.000000
7106.194839 3816.665739 1487.000000
7203.174321 3750.806490 880.000000
7306.103193 3676.362701 1496.000000
7284.084636 3610.483717 1418.000000
7273.959614 3439.232471 812.000000
7298.948167 3421.851119 1162.000000
7287.046359 3388.148799 189.000000
7357.255382 3391.208031 965.000000
7172.802746 3295.750522 355.000000
7184.106208 3273.037925 582.000000
7101.404200 3300.387544 331.000000
7129.951668 3097.676795 1391.000000
6869.345851 3095.712984 336.000000
6840.191603 3100.273271 249.000000
6816.405755 3331.522883 1393.000000
7068.695806 3570.419249 680.000000
7372.156278 3830.563302 1144.000000
7325.750048 3881.056036 750.000000
7469.746809 4034.622323 574.000000
7457.851645 4112.602293 1236.000000
7454.283506 4142.891315 98.000000
7437.030858 4177.632054 271.000000
7579.234726 4198.033155 531.000000
7688.131504 4426.181267 884.000000
7698.844335 4476.736693 1423.000000
7647.092290 4680.119010 831.000000
7644.124081 4793.432604 1426.000000
7471.575987 4777.618202 745.000000
7398.387733 4702.622404 844.000000
7406.712820 4622.373760 981.000000
7222.845004 4355.975140 319.000000
7251.402250 4317.618145 327.000000
6974.739287 4443.189401 845.000000
6802.204320 4648.000349 491.000000
6701.070930 4899.123937 1488.000000
6461.287726 4862.809733 902.000000
6226.268488 4894.479292 372.000000
6177.484722 4985.721970 932.000000
6028.733713 4927.508247 1352.000000
5884.747075 4944.087227 571.000000
5893.090743 5176.110717 75.000000
5646.775102 5349.140631 663.000000
5635.480441 5519.771606 1224.000000
5329.665302 5684.730492 1274.000000
5319.523534 5232.043008 222.000000
4861.349726 4704.853233 1281.000000
4669.764086 4724.993144 357.000000
4535.292245 4656.757775 466.000000
4553.135980 4556.418855 882.000000
4719.729877 4500.049667 15.000000
4663.795337 4408.235515 43.000000
4996.994387 4484.660483 476.000000
5522.366043 4406.083992 362.000000
5594.344519 4148.328981 1036.000000
5519.364246 3954.881571 1357.000000
5343.243096 3886.709732 154.000000
5348.579895 3582.301640 787.000000
5252.787077 3592.410727 830.000000
5503.277004 3576.598393 653.000000
5597.288993 3636.105346 375.000000
5646.078985 3649.501225 1002.000000
5717.486882 3802.017697 1458.000000
5754.379209 3851.365942 1155.000000
5901.951355 4096.421513 516.000000
6292.860190 4101.206425 250.000000
6374.356121 3803.325632 37.000000
6483.232852 3694.548548 960.000000
6543.926968 3780.543801 1307.000000
6584.984803 3839.582565 1303.000000
6415.989900 3542.252688 406.000000
6299.967000 3545.375733 1390.000000
6235.701924 3442.241705 20.000000
6185.719122 3381.287913 685.000000
5976.281704 3366.605348 65.000000
5746.617921 3407.391167 1217.000000
5711.506524 3290.148682 672.000000
5533.604145 3284.862206 1464.000000
5791.225045 3119.329481 776.000000
6033.375862 2948.113812 966.000000
6079.174618 2687.809324 344.000000
6204.110857 2491.176865 521.000000
6155.908381 2352.154554 1053.000000
6129.128163 2257.032335 1185.000000
6150.547250 2247.634852 963.000000
6127.925579 2045.198931 467.000000
6243.349754 1979.321610 266.000000
6443.873698 2185.243942 191.000000
6511.702736 2187.886416 847.000000
6427.219886 2284.617285 1135.000000
6586.090148 2417.113540 536.000000
6578.357060 2447.103687 923.000000
6684.269093 2510.651021 846.000000
6718.171331 2305.551768 1446.000000
6839.530569 1990.272525 163.000000
6847.849799 1811.568156 1478.000000
7018.609218 1765.124277 485.000000
6997.778852 1669.165623 1197.000000
6967.424651 1506.111492 1338.000000
6847.832714 1524.418668 284.000000
6591.384791 1404.184239 322.000000
6364.095680 1356.087942 290.000000
6296.869142 1479.671598 415.000000
6209.989668 1296.349536 130.000000
6051.133585 1402.166226 432.000000
5616.795828 1487.487709 951.000000
5584.056338 1234.874474 465.000000
5390.094014 1310.086586 13.000000
5286.581603 1576.994002 24.000000
5428.794383 1747.191810 94.000000
5620.979790 1807.337241 1388.000000
5686.427502 1787.023014 1499.000000
5739.993102 2064.061888 936.000000
5888.748237 2191.617243 539.000000
5946.453878 2050.322500 1247.000000
5742.991346 2455.549111 914.000000
5651.383868 2808.673784 1294.000000
5546.670275 2887.305167 590.000000
5415.172584 2805.620675 368.000000
5466.930738 2704.920323 1377.000000
5304.490451 2571.016295 5.000000
5245.583856 2527.869927 1141.000000
5186.682053 2565.256899 604.000000
5202.748471 2593.544844 1332.000000
5336.615623 2498.770148 1448.000000
5213.439975 2285.652558 855.000000
5472.846122 2124.776036 533.000000
5099.183216 1972.315876 86.000000
5052.749517 1561.131087 95.000000
4946.834824 1452.895185 223.000000
5044.399959 1230.104026 1342.000000
5021.193686 1202.287609 1477.000000
5211.580608 1035.273159 39.000000
5175.276555 873.055463 1200.000000
5114.586458 854.601777 1309.000000
5331.154547 714.476812 1030.000000
5345.434130 711.420635 1375.000000
5400.168009 623.724289 501.000000
5274.029479 613.453957 572.000000
5090.769904 569.780600 108.000000
5197.858142 401.797518 898.000000
4886.686543 540.735186 729.000000
4626.681960 643.709782 618.000000
4594.548384 574.689964 692.000000
4490.414907 403.333907 1261.000000
4562.390374 95.020551 53.000000
4885.475326 183.800897 809.000000
5168.087769 51.132110 182.000000
5226.988911 2.631694 1311.000000
5410.252612 115.646683 647.000000
5715.487649 200.910028 1085.000000
5823.182732 232.173102 1219.000000
5933.850159 219.620741 1095.000000
6102.228880 160.785760 474.000000
6242.043868 31.286450 1335.000000
6295.596541 91.065313 1133.000000
6694.843348 232.157218 1086.000000
6760.294306 266.392785 1258.000000
6837.049409 289.420518 479.000000
6851.337071 422.151848 298.000000
7028.656847 635.632952 1350.000000
7063.766754 727.831056 912.000000
7159.566142 828.152039 1399.000000
7370.190000 783.327786 12.000000
7444.551600 578.739262 324.000000
7518.922108 523.869181 1045.000000
7612.927876 478.815842 1235.000000
7567.109981 417.456553 1355.000000
7428.469172 281.380741 894.000000
7149.998274 20.995084 378.000000
6788.247231 71.208556 490.000000
6566.342840 524.115828 805.000000
6509.820044 545.484182 351.000000
6671.664108 658.661537 890.000000
6743.065331 699.026138 760.000000
6715.106581 796.302488 688.000000
6743.080521 954.322303 807.000000
6710.356254 957.553080 1089.000000
6846.614004 1041.558097 1376.000000
6591.963492 1130.404636 279.000000
6531.848692 780.960587 791.000000
6343.236662 778.572788 532.000000
6208.160057 546.075134 328.000000
5971.941196 415.686998 263.000000
5999.923719 717.946799 790.000000
5782.163570 823.114305 842.000000
5800.611705 880.933102 917.000000
5648.282364 681.689177 377.000000
5632.212002 587.111884 718.000000
5453.136584 866.575134 1041.000000
4671.323618 936.051640 458.000000
4601.109910 854.259134 102.000000
4495.801169 930.242758 1500.000000
4358.365421 1047.636634 1343.000000
4277.447194 1054.989393 961.000000
4272.694008 1168.186078 605.000000
4252.478766 1410.626425 1298.000000
4035.313085 1507.015192 447.000000
4005.563000 1497.344692 1117.000000
3836.573737 1294.792146 160.000000
3718.171983 1316.516512 762.000000
3705.078300 1250.987282 153.000000
3525.979870 1143.671363 1189.000000
3452.192304 996.060065 404.000000
3511.093912 955.386018 354.000000
3667.575416 940.016718 370.000000
3737.194023 1019.944102 827.000000
3942.453071 808.771830 1186.000000
3916.865743 762.538007 64.000000
4056.687315 743.703558 1265.000000
4083.461484 737.161241 554.000000
4087.040054 882.182890 283.000000
4076.331874 909.812893 510.000000
4076.305956 474.197180 598.000000
3966.226119 362.375328 1366.000000
3892.444518 315.019819 559.000000
3875.182622 194.328865 580.000000
3861.497666 191.267268 519.000000
4082.239710 202.803160 1099.000000
4093.538487 101.357289 81.000000
3707.408157 408.895388 1372.000000
3691.343150 404.321342 93.000000
3590.195088 408.836035 451.000000
3494.993077 348.651121 1131.000000
3307.569252 316.418442 1430.000000
3276.638227 458.684182 1323.000000
3182.047654 674.913423 712.000000
3354.598490 736.825141 386.000000
3355.794560 839.167638 257.000000
3305.226766 946.259201 703.000000
3251.080896 916.625066 1457.000000
3148.766655 1321.171905 1470.000000
3265.385522 1334.471028 1275.000000
3006.580711 1602.007757 664.000000
2988.140775 1682.011323 73.000000
3010.160165 1761.899507 505.000000
2944.720380 1915.418539 799.000000
2923.314182 2141.449923 1129.000000
3112.534770 2371.884916 625.000000
3232.725097 2410.697030 1302.000000
3409.427588 2249.464780 1120.000000
3581.378215 2223.656104 72.000000
3697.989324 2106.567916 1079.000000
3754.510891 2064.537947 768.000000
3681.323311 2000.890384 1069.000000
3762.239713 1962.858258 3.000000
3952.636856 1967.632613 547.000000
4115.653697 1791.677476 1473.000000
4190.031143 1853.420298 608.000000
4353.071644 2075.122982 278.000000
4392.346481 2167.306907 302.000000
4269.785748 2289.066451 626.000000
4382.248416 2449.124177 437.000000
4243.629772 2685.583542 392.000000
4290.649851 2952.045558 480.000000
4331.121880 3165.433529 178.000000
4429.898818 3309.437886 1249.000000
4538.186041 3292.790373 25.000000
4585.182119 3155.881317 991.000000
4765.466738 3199.464177 348.000000
4835.077354 3145.091065 1091.000000
4812.465499 3107.635008 723.000000
4796.396538 3036.615086 779.000000
4863.023900 2842.685577 824.000000
4936.200578 2723.117835 1471.000000
5078.407701 2798.225257 1043.000000
5196.816314 2891.783311 226.000000
5055.237839 3382.352653 175.000000
4892.822036 3659.959121 76.000000
4842.854163 3849.918728 464.000000
5029.685448 3923.331315 481.000000
4565.572690 3580.193279 658.000000
4614.947203 3417.639171 1207.000000
4735.724430 3320.494044 1428.000000
4231.185659 3537.369847 1106.000000
4009.261590 3659.534754 916.000000
3925.959116 3594.859477 206.000000
3778.391436 3424.858788 704.000000
3703.419535 3372.129497 606.000000
3500.533166 3460.922792 628.000000
3455.907634 3439.608101 689.000000
3419.011917 3333.283888 1267.000000
3457.700984 3580.443130 1215.000000
3332.157798 3576.107632 549.000000
3219.106716 3526.571446 79.000000
3144.138974 3543.731632 395.000000
3073.923631 3434.468570 49.000000
2917.424600 3155.253331 971.000000
2866.245663 2990.861350 980.000000
2809.710592 2805.926610 834.000000
2984.037820 2723.636987 586.000000
3053.652538 2738.214188 363.000000
3298.784049 2663.509884 197.000000
3405.295500 2801.472783 277.000000
3280.355643 2937.294353 1486.000000
3738.505991 3070.191645 137.000000
4022.318103 3100.363190 288.000000
4045.534941 3305.759925 135.000000
4093.162121 3775.772598 1411.000000
3967.034949 3956.387413 1263.000000
3670.721000 3807.845439 116.000000
3640.973905 3848.420230 550.000000
3618.358976 3759.310136 887.000000
3583.253358 3739.192893 1206.000000
3442.249775 3891.962931 105.000000
3376.795572 3803.177571 526.000000
3325.071970 4484.594522 941.000000
3113.254343 4465.738542 50.000000
2930.608659 4739.724307 1243.000000
2693.798692 4674.621296 946.000000
2759.236578 4489.170678 996.000000
2481.975375 4560.127083 727.000000
2133.326736 4822.457682 1220.000000
2058.955013 4856.900938 1124.000000
1921.505379 4740.912483 1494.000000
1808.451545 4645.122455 440.000000
1885.197867 4520.544864 295.000000
1686.484163 4739.319973 1483.000000
1642.460028 4825.682917 829.000000
1466.338598 4752.815256 141.000000
1208.711593 4815.744280 999.000000
1200.975739 4799.245794 1032.000000
1026.050053 4823.242172 1105.000000
781.504494 4746.023442 405.000000
629.196028 4897.635651 52.000000
691.674855 4979.286783 1020.000000
433.453797 5057.960015 667.000000
367.391110 4742.379680 1199.000000
357.869975 4720.677144 944.000000
231.729918 4684.736321 121.000000
178.186437 4779.449988 60.000000
8.019987 4791.914218 1056.000000
132.357189 4527.283816 435.000000
16.894592 3947.407410 509.000000
499.992324 3370.994042 414.000000
425.607758 3189.586035 400.000000
560.071897 3128.373256 860.000000
566.011723 2959.035092 142.000000
539.831305 2944.746061 455.000000
643.954343 2940.634919 1456.000000
743.312305 2849.913255 756.000000
831.959555 2744.246145 1147.000000
904.547507 2729.956276 285.000000
1068.156800 2511.334220 670.000000
1166.337203 2629.368237 851.000000
1418.009741 2489.716328 1114.000000
1492.371849 2293.658546 1329.000000
1650.039154 2208.060302 426.000000
1793.416050 1943.555149 382.000000
1676.196871 1840.813831 968.000000
1595.868031 1754.002162 1378.000000
1459.607492 1623.117193 644.000000
1489.939648 1415.671004 186.000000
1730.909828 1401.478714 238.000000
1718.405565 1242.332901 1300.000000
1864.172743 1151.285531 1304.000000
1813.000367 1097.167093 794.000000
1739.807479 944.298921 1146.000000
1722.542588 773.284412 1250.000000
1710.042880 690.680491 1368.000000
1874.264456 762.716583 708.000000
1927.806708 647.341302 26.000000
1996.221087 487.808199 957.000000
1992.643700 362.665528 221.000000
2133.069240 494.710272 111.000000
2127.124938 588.837029 1178.000000
2209.834215 683.657034 1159.000000
2202.099837 691.968138 227.000000
2459.130065 598.999062 839.000000
2753.648731 574.226575 1104.000000
2678.111858 1025.998253 546.000000
2723.335937 1107.093199 1474.000000
2230.088777 1102.075307 1421.000000
2202.715227 1034.828169 1067.000000
1950.435998 977.816624 1361.000000
1563.101789 1051.764014 1196.000000
1410.186799 1009.530263 781.000000
1307.244418 856.931080 452.000000
1253.089654 677.813292 211.000000
924.055465 600.200189 1033.000000
921.667712 469.239592 350.000000
756.267067 580.601744 1150.000000
713.425833 547.977463 1404.000000
567.062805 624.559257 1337.000000
473.064040 787.321190 342.000000
398.693220 836.947603 922.000000
355.853806 834.924425 814.000000
442.130212 882.472187 1367.000000
493.306378 1000.297270 956.000000
467.129532 1046.036492 739.000000
430.249437 1202.286967 478.000000
296.979812 1339.702169 36.000000
271.378751 1062.668716 338.000000
279.703206 971.776210 156.000000
205.923668 959.091518 952.000000
126.784947 874.601347 428.000000
223.765182 821.420816 1160.000000
220.781621 676.699016 1485.000000
186.863160 609.127563 422.000000
249.917843 369.179975 126.000000
370.102916 319.710644 525.000000
342.730479 271.168528 972.000000
273.111467 184.432203 339.000000
95.802136 146.496561 214.000000
368.300602 28.218008 905.000000
434.940872 51.235454 609.000000
738.429525 785.031375 287.000000
897.293799 816.880521 992.000000
1018.088721 1017.137426 470.000000
1049.033348 1103.479933 1468.000000
1157.933218 1383.595137 553.000000
1025.258317 1516.536102 1383.000000
984.202661 1494.124747 1202.000000
1023.483626 1689.303690 1177.000000
1118.688300 1794.255437 431.000000
965.190917 1963.738181 1037.000000
958.060702 2126.215553 1026.000000
874.178852 2323.971643 320.000000
1130.616121 2265.138744 421.000000
611.774312 2090.856504 1382.000000
573.097859 2055.713605 441.000000
513.598137 2043.885920 1424.000000
278.569386 1915.662755 1306.000000
150.055648 1985.274214 677.000000
124.455369 1721.389062 891.000000
233.932682 1706.593466 1359.000000
420.763069 1764.901160 945.000000
846.776246 1768.359063 359.000000
1206.734209 1581.849857 962.000000
1780.308258 1640.886931 919.000000
1889.184467 1523.344313 654.000000
1895.150036 1786.647840 193.000000
1983.810557 1904.032255 1230.000000
2060.560874 1846.604912 538.000000
2101.616129 1862.285590 613.000000
2112.925934 1946.168142 409.000000
2245.022446 2092.250447 506.000000
2161.727255 2149.979585 974.000000
2192.078760 2267.719038 725.000000
2424.727479 2394.742808 503.000000
2453.886719 2474.081201 8.000000
2388.442802 2558.180337 801.000000
2167.707855 2665.918312 215.000000
2042.175560 2844.641592 68.000000
2022.555667 3093.095037 376.000000
2023.161883 3281.775593 201.000000
2055.891930 3375.670059 728.000000
2165.370133 3375.822829 97.000000
1882.741312 3233.238209 9.000000
1684.601191 3092.221917 1190.000000
1599.503705 2858.771474 1143.000000
1358.546233 3086.545380 1005.000000
1296.074149 3118.220076 567.000000
1165.182544 3223.024757 529.000000
1056.287732 3027.903923 245.000000
771.293338 3127.128674 641.000000
382.745871 2809.862277 1168.000000
378.575777 2723.082021 162.000000
398.800061 2632.629765 551.000000
277.417940 2563.321224 1145.000000
242.911675 2616.523855 304.000000
378.561951 2490.717118 442.000000
452.929093 2379.262388 461.000000
487.435395 2326.685866 1396.000000
124.499961 2470.842182 323.000000
21.575349 2616.897250 724.000000
1.328872 2334.344747 548.000000
59.094043 3193.573050 436.000000
5.432982 1312.128478 527.000000
682.515931 1045.247312 744.000000
1218.554304 242.180899 1321.000000
1348.851855 153.120426 1130.000000
1608.288321 501.818806 837.000000
1698.723157 440.096273 311.000000
1760.000187 323.140565 1176.000000
1806.994859 162.595874 848.000000
2219.916239 132.221342 459.000000
2334.748806 123.176668 16.000000
2440.654469 79.659270 453.000000
2909.510263 138.985771 1094.000000
3098.724332 259.851595 749.000000
3394.428554 160.702188 349.000000
3446.188096 83.324416 666.000000
3637.801396 528.070838 23.000000
3605.078470 553.841559 499.000000
3687.192650 646.874705 200.000000
3419.511776 1734.421706 399.000000
3346.334264 1839.980246 1023.000000
2864.380252 1638.895679 379.000000
2430.046127 1785.262843 438.000000
2565.720609 2066.270780 1174.000000
2575.842348 2182.346122 822.000000
2720.441279 2456.581817 1340.000000
2460.460981 2967.701570 561.000000
2610.405084 3078.247292 473.000000
2544.961126 3161.642055 1148.000000
2687.762069 3217.092083 208.000000
2661.589613 3336.633967 1054.000000
2694.320969 3452.520530 1402.000000
2436.702364 3656.637256 58.000000
2446.822651 3748.294326 242.000000
2440.280282 3790.701988 650.000000
2323.067967 3803.321353 150.000000
1974.329167 2550.310335 706.000000
3756.331952 2671.120210 21.000000
4068.675243 2224.814609 838.000000
4538.099628 1840.451030 560.000000
4512.513221 1809.713418 1490.000000
4453.009788 1735.509570 1443.000000
4489.296057 1598.838224 1210.000000
4547.602690 1558.412174 1038.000000
4723.108092 1277.697678 496.000000
4697.579623 2220.716929 1314.000000
4645.834958 2548.147199 1271.000000
6389.754953 2611.495816 780.000000
6461.747208 2585.323072 1363.000000
6775.914485 2794.749333 1072.000000
7303.080297 2870.547489 169.000000
7354.235322 2633.055408 2.000000
7253.073788 2411.153238 1297.000000
7175.122852 2289.774456 782.000000
7094.205617 2313.797382 487.000000
7290.544122 2175.060591 265.000000
7456.539882 2065.798353 543.000000
7543.401805 1954.144557 1429.000000
7702.254242 1787.047396 1057.000000
7670.117304 1661.521192 603.000000
7533.260713 1512.805308 103.000000
7630.225903 1206.754787 240.000000
7429.117848 1183.669647 746.000000
7260.136962 1121.913484 789.000000
7185.170211 1155.743837 1112.000000
7595.106567 956.072705 165.000000
7651.627989 911.616562 642.000000
7805.122634 696.114768 218.000000
7770.602036 508.421753 1341.000000
7836.029841 153.530240 1167.000000
7952.642631 64.695245 352.000000
8162.686437 270.954124 205.000000
8226.947900 313.355527 804.000000
8492.903085 222.144951 450.000000
8590.491674 393.568012 1313.000000
8689.276846 675.942577 769.000000
8807.082138 629.500090 1055.000000
8814.226631 706.979200 693.000000
8906.448273 676.131207 826.000000
9128.387128 802.453524 819.000000
9283.687742 939.881364 535.000000
9314.031163 921.755047 857.000000
9377.094549 828.082301 530.000000
9247.968406 605.000756 410.000000
9128.954461 337.632247 990.000000
9294.949183 210.917206 808.000000
9243.181827 156.968501 903.000000
9429.405527 18.691006 482.000000
9857.215029 212.994437 1405.000000
9962.547151 529.972813 1296.000000
9731.696024 615.082295 883.000000
9575.809673 633.177618 333.000000
9499.686835 1236.637538 1319.000000
9623.453789 1387.835341 786.000000
9679.981493 1448.956920 632.000000
9756.726557 1303.248131 92.000000
9968.538783 1231.318229 347.000000
9859.084277 1629.449391 1052.000000
9621.086675 1603.739430 710.000000
9599.667988 1619.867590 1308.000000
9545.526220 1659.183768 1092.000000
9480.085699 1800.337137 930.000000
9547.320893 1822.245685 959.000000
9540.787558 2016.484911 269.000000
9660.975491 2015.069487 1317.000000
9779.383950 2106.044838 1132.000000
9698.473844 2249.889477 558.000000
9689.548751 2245.861330 274.000000
9600.900179 2329.301551 219.000000
9571.156818 2432.643824 731.000000
9752.036426 2476.213478 340.000000
9818.085558 2563.968204 766.000000
9799.056570 2743.771185 594.000000
9876.413941 2889.111863 168.000000
9948.405880 2857.617188 583.000000
9982.324806 2933.015010 592.000000
9731.247658 3079.384390 854.000000
9772.309177 3200.329735 45.000000
9819.912300 3266.032172 1066.000000
9730.669544 3363.025218 645.000000
9613.455902 3353.339431 332.000000
9473.642492 3509.370132 1229.000000
9216.009383 3469.695455 1204.000000
9138.063816 3438.554710 1492.000000
8936.360511 3411.100010 943.000000
8856.643377 3605.241791 196.000000
8751.311786 3297.185476 1400.000000
8840.550440 3131.242117 416.000000
8948.832298 3024.434831 967.000000
9071.407741 3149.910291 1240.000000
9289.176301 3186.087014 259.000000
9424.836472 3226.590624 429.000000
9846.697352 3442.392104 88.000000
9835.990118 3485.909637 40.000000
9907.394568 3580.510977 1156.000000
9984.130915 3288.292556 313.000000
9872.910520 4007.109685 544.000000
9858.035869 4008.848585 1445.000000
9576.014373 4073.571281 1489.000000
9473.691690 4336.226044 541.000000
9628.994698 4513.881423 124.000000
9732.517833 4427.215291 1153.000000
9710.497400 4329.796040 132.000000
9981.239107 4685.678554 246.000000
9753.966462 4914.322675 1476.000000
9576.663119 4977.034142 1213.000000
9493.361441 4925.741956 690.000000
9410.062446 4919.529657 1412.000000
9371.983506 4926.792474 101.000000
9468.975533 5071.775613 555.000000
9491.588301 5124.571354 997.000000
9451.136128 5244.899767 953.000000
9497.546251 5259.835480 396.000000
9637.374673 5356.126924 113.000000
9776.601200 5336.366517 621.000000
9897.379032 5249.395671 575.000000
9758.738810 5123.181085 4.000000
9685.556604 5149.849823 1188.000000
9865.262145 5460.872927 27.000000
9708.191142 5568.528327 1333.000000
9801.020068 5744.283276 875.000000
9889.074718 5678.778647 1301.000000
9574.329164 5750.253986 99.000000
9461.280727 5745.171577 1061.000000
9473.779672 5814.940252 721.000000
9433.906679 5669.550223 614.000000
9377.372288 5496.041982 183.000000
9285.734053 5332.234965 934.000000
9305.961881 5301.341380 686.000000
9209.574968 5326.490302 522.000000
9118.540501 5310.197140 600.000000
9145.923261 5532.249862 118.000000
8894.256935 5776.305537 1018.000000
8941.859947 5840.129645 492.000000
8832.978368 5867.434226 1262.000000
8803.228996 5869.738071 207.000000
8976.379819 6015.613524 251.000000
8843.110981 6166.255291 1289.000000
8862.155429 6246.287770 1004.000000
8860.980900 6505.993114 371.000000
8743.782741 6756.534105 679.000000
8546.243766 6718.969209 1084.000000
8556.365966 6842.792657 517.000000
8342.752931 6648.509096 1328.000000
8179.730297 6727.104199 649.000000
8169.604199 6537.774041 904.000000
8136.276639 6401.473860 730.000000
8036.316679 6374.421872 681.000000
7927.435719 6412.135524 700.000000
7908.981204 6247.095469 146.000000
7829.247093 6155.887826 733.000000
7556.155663 6308.224293 1414.000000
7562.715326 6556.487985 1136.000000
7681.124447 6658.576781 675.000000
7718.012281 6632.400563 1149.000000
7769.195758 6873.099644 684.000000
7811.449458 7031.037303 1455.000000
7694.833585 7068.061734 1180.000000
7514.542689 6918.979416 188.000000
7394.932014 6622.353493 192.000000
7066.485294 6418.331320 1436.000000
7016.491306 6169.388139 825.000000
6937.941526 5983.220225 591.000000
7025.994480 5889.227612 1479.000000
6797.521658 5946.500658 296.000000
6763.604999 5909.217254 1049.000000
6647.577559 5836.033200 129.000000
6439.919014 5718.863842 1380.000000
6490.482845 5545.169877 602.000000
6655.284472 5366.122837 984.000000
6875.429320 5340.574945 300.000000
6945.055652 5550.341795 691.000000
7114.628310 5558.004540 978.000000
7223.513730 5595.267506 1316.000000
7426.404174 5574.954942 47.000000
7589.435567 5643.573844 719.000000
7666.784757 5651.405214 939.000000
7692.971466 5771.428494 921.000000
7492.473660 6004.800268 545.000000
7473.434423 6012.344861 929.000000
7274.718386 6191.909861 1385.000000
6786.252161 6540.068629 417.000000
6538.740418 6610.208199 683.000000
6512.554701 6506.855086 1403.000000
6583.942290 6318.063595 1179.000000
6166.840925 6095.425787 587.000000
5853.276344 6015.512732 172.000000
5830.078319 6126.301315 714.000000
5718.811362 6062.559782 104.000000
5546.272409 6200.377008 494.000000
5604.589356 6333.305038 792.000000
5667.669738 6525.294770 51.000000
5808.081248 6421.531009 889.000000
5772.399803 6723.482067 1195.000000
5793.830261 6905.204522 1194.000000
5821.209273 7064.254972 588.000000
5909.863280 7072.148480 1142.000000
5917.012135 7222.960669 1389.000000
5842.640258 7254.821224 918.000000
5916.426306 7376.918559 305.000000
6010.426728 7242.018500 909.000000
6030.059921 7217.086161 1354.000000
6160.351781 7032.387455 1347.000000
6160.946501 7027.834955 868.000000
6087.750367 6820.416989 925.000000
6253.749997 6776.191879 1453.000000
6284.092696 6745.934690 89.000000
6302.537330 6744.899189 109.000000
6591.118354 6926.170540 1251.000000
6870.768437 7005.114545 325.000000
6915.391230 6980.410184 1475.000000
7038.555111 6995.755423 1285.000000
7167.085492 7205.858402 1003.000000
7311.073978 7220.350107 144.000000
7870.374223 7379.568600 1110.000000
7919.164364 7395.468916 1001.000000
8033.999856 7435.573841 273.000000
8148.258085 7773.641850 1252.000000
8157.780207 7811.936288 1432.000000
8409.456955 7743.034758 1111.000000
8428.502944 7848.972519 674.000000
8624.849202 7840.544776 623.000000
8698.031329 7812.545555 1040.000000
8709.336831 7824.112455 1444.000000
8712.924579 8123.391843 87.000000
8927.130638 8284.634919 1051.000000
9110.383745 8219.600007 863.000000
8959.839125 8016.168488 235.000000
9175.221924 7954.881474 1010.000000
9208.536953 7880.574059 835.000000
9154.391526 7858.374975 18.000000
9425.706970 7857.048790 1266.000000
9341.202718 7594.079728 1078.000000
9240.047126 7472.042030 472.000000
9202.563939 7492.126886 1461.000000
9043.100886 7396.584301 301.000000
8946.712091 7390.114692 636.000000
8472.514692 7554.428153 811.000000
8335.645165 7188.295730 1466.000000
8346.946043 7122.146784 1287.000000
8125.603827 7023.516608 391.000000
7972.073894 6645.936140 584.000000
8280.256990 6279.238894 181.000000
8492.073020 6271.250428 757.000000
8572.985576 6168.572491 897.000000
8454.567398 5914.260813 1276.000000
8411.723766 5841.330730 1140.000000
8571.169972 5653.715276 220.000000
8713.958174 5495.035842 166.000000
8558.063534 5373.821792 969.000000
8516.406225 5239.428298 1239.000000
8459.883117 5255.552984 158.000000
8404.551860 5303.113263 753.000000
8267.704662 5312.255246 48.000000
8215.941395 5327.022064 61.000000
8211.779826 5383.542630 1031.000000
8262.953925 5466.618634 462.000000
7843.474409 5274.399964 248.000000
7692.939480 5233.835189 1011.000000
7661.399808 5146.566725 1286.000000
7632.239809 5054.471351 413.000000
7838.093582 4838.824843 1184.000000
7990.412842 4868.627873 1349.000000
8214.118391 4687.803842 1000.000000
8358.094612 4496.148980 1071.000000
8426.519497 4513.178768 985.000000
8569.321636 4588.742566 861.000000
8625.254118 4645.964166 14.000000
8659.766968 4703.426396 1395.000000
8544.936338 4745.028766 557.000000
8674.625805 4435.903996 577.000000
8613.933096 4373.544377 1346.000000
8673.430275 4342.640086 797.000000
8691.279585 4335.982806 823.000000
8769.820234 4368.675619 177.000000
8933.439501 4317.694392 418.000000
9005.445367 4520.286422 7.000000
9060.784541 4605.774421 873.000000
9082.801309 4641.600146 866.000000
9133.976860 4749.094422 668.000000
9214.296010 4673.039347 44.000000
9166.114940 4893.795231 895.000000
9141.671094 4066.072024 810.000000
8522.873520 3935.253384 1439.000000
8472.309079 4098.694806 1048.000000
8386.642285 4296.881833 920.000000
8267.014394 3710.915038 1369.000000
8190.251984 3565.091572 194.000000
8080.776938 3618.001586 1434.000000
7591.694024 3601.464752 765.000000
7582.743125 3163.699220 243.000000
7525.622112 3130.844041 213.000000
7812.996925 3039.314571 1175.000000
7930.798790 2935.270007 877.000000
8111.661076 2687.698725 148.000000
8242.554510 2613.651675 737.000000
8564.440510 2551.644297 260.000000
8592.398832 2447.167687 958.000000
8532.299953 2365.307204 761.000000
8415.074432 2155.970736 500.000000
8173.506245 2119.461360 1151.000000
7924.809841 2279.004479 568.000000
7944.447639 2331.474932 85.000000
7930.177989 2501.467565 96.000000
7790.361521 2606.079021 524.000000
7683.266107 2653.457752 41.000000
7676.128032 2683.826011 911.000000
7639.822898 2503.451138 652.000000
7676.698937 2279.032987 1371.000000
7586.849610 2181.397435 1291.000000
7186.404288 1896.874594 640.000000
6569.399874 1903.682170 1102.000000
6570.586756 1851.610403 777.000000
7845.616214 1271.707109 71.000000
7992.596798 1574.377963 488.000000
8165.155825 1773.955515 1014.000000
8207.402326 1810.897506 1154.000000
8399.577671 1701.915097 282.000000
8404.327244 1527.985787 448.000000
8440.021094 1434.529206 434.000000
8708.354676 1317.047468 950.000000
8644.680292 1141.662845 699.000000
8710.714881 985.000059 280.000000
8830.304047 920.125987 619.000000
8966.560061 974.938646 1193.000000
8924.330878 1229.059329 90.000000
9147.450504 1200.627913 1074.000000
8951.127883 1606.322160 542.000000
9098.688247 1653.370588 1062.000000
9298.612834 1785.894782 1463.000000
9357.534488 2082.145932 617.000000
8933.309642 2135.154797 589.000000
8833.353575 2173.531257 454.000000
8763.144896 2176.263538 901.000000
8935.101404 2249.301906 1255.000000
8823.216767 1804.194605 748.000000
8442.382267 1118.760645 504.000000
8266.255343 953.541827 931.000000
8130.600014 994.432457 615.000000
8060.984983 974.611589 35.000000
8286.471236 722.058397 1223.000000
8312.053912 690.106792 622.000000
8398.327217 685.530934 1299.000000
8912.968002 253.205472 1416.000000
8908.793916 99.353232 751.000000
9934.069240 1901.708339 1125.000000
9954.298781 1899.615793 31.000000
9891.233644 1963.861390 69.000000
9908.490670 2002.688522 228.000000
9961.471423 2450.198923 955.000000
9220.129298 2713.106159 1009.000000
8839.341034 2804.752403 1228.000000
8760.201157 2700.852837 832.000000
8685.230458 2668.315579 1326.000000
8512.712782 3163.719616 1100.000000
8422.273122 3144.360964 1384.000000
8471.664702 3268.643289 924.000000
8471.071868 3304.892584 1273.000000
8532.956093 3393.052809 1284.000000
7804.132094 4048.096870 289.000000
7155.044869 4839.115406 987.000000
7272.860956 4974.088159 1318.000000
7220.507645 5071.984225 1408.000000
7332.977423 5351.550610 353.000000
7472.799540 5341.873013 316.000000
6618.381732 5141.776975 70.000000
6214.391615 5279.879046 1050.000000
5355.288133 6327.646708 1169.000000
5380.280663 6377.102549 1295.000000
5187.510087 6482.028452 403.000000
5086.957130 6488.486531 1080.000000
5291.643206 6647.358205 170.000000
5302.957751 6810.913196 469.000000
5237.524968 7082.140822 268.000000
4895.999466 7063.033235 281.000000
4838.861518 6745.533006 1409.000000
4816.236927 6494.025749 107.000000
4363.431411 6191.725236 366.000000
4453.259904 5939.209026 507.000000
4616.869057 5718.239060 190.000000
4238.452382 5669.192623 578.000000
3974.871591 5666.825262 1269.000000
4054.587015 5443.960706 128.000000
4034.352849 5368.337406 662.000000
4283.640717 5149.535465 736.000000
4550.203781 5274.945584 908.000000
4048.600213 4823.774740 711.000000
3980.766900 4749.286196 210.000000
4058.109505 4646.452705 1242.000000
4139.613902 4490.855306 217.000000
4164.001096 4366.422428 1362.000000
4084.863036 4293.045702 78.000000
3627.921084 4469.654902 185.000000
3594.612160 4646.566019 1090.000000
3461.938246 4796.098887 272.000000
3492.882044 4868.510456 174.000000
3666.629462 5041.373677 1198.000000
3820.136992 5042.427520 387.000000
3812.993767 4986.236135 115.000000
3511.951279 5365.140571 82.000000
3321.555328 5380.401721 1139.000000
3326.307509 5250.300078 381.000000
3167.434550 5072.489146 940.000000
2959.779605 5015.817622 358.000000
2780.109058 5292.946168 1083.000000
3090.103745 5373.642834 1171.000000
2756.923960 5620.994761 1123.000000
2905.087938 5812.974342 1394.000000
2970.537680 5826.783085 755.000000
3083.011076 6167.160359 878.000000
3140.725020 6165.409780 67.000000
2995.551682 6237.112813 986.000000
3083.024934 6400.073108 1351.000000
3135.989356 6573.112740 389.000000
3382.306897 6432.014413 979.000000
3517.368326 6409.450693 22.000000
3686.334306 6220.684776 1467.000000
3426.309076 5976.638159 616.000000
3466.749579 5660.180932 611.000000
3673.796702 5501.170925 648.000000
4017.131787 5933.940772 1256.000000
4081.995806 6103.507469 425.000000
4167.100216 6453.336024 1320.000000
4139.739947 6609.296937 483.000000
4122.485539 6614.454001 818.000000
3870.215609 6713.735050 306.000000
3688.740993 6669.865547 477.000000
3065.806703 7013.260800 707.000000
2722.484452 6796.185689 173.000000
2579.688310 6821.425528 1422.000000
2613.608401 6916.389273 767.000000
2642.765237 6955.343600 157.000000
2523.775703 7098.233368 254.000000
2618.947338 6647.904216 633.000000
2725.447446 6595.216760 888.000000
2635.593523 6420.334944 1101.000000
1762.109763 5778.784694 661.000000
1700.819652 5675.897689 722.000000
1674.028901 5403.742998 1211.000000
1539.563565 5444.842007 643.000000
1787.069315 5273.977064 1152.000000
1816.223367 5266.129703 334.000000
1867.402690 5437.017570 30.000000
1577.622798 5106.367243 630.000000
1070.102170 5207.165757 1231.000000
996.317110 5101.660325 498.000000
759.524661 5330.985326 1109.000000
3.287075 5245.871020 1.000000
810.773275 6666.436939 360.000000
1051.752954 6811.902582 1163.000000
1791.952225 7341.050327 852.000000
1977.594836 7436.403161 184.000000
2120.418005 7865.405794 579.000000
1866.369281 8068.504118 1087.000000
1789.018485 8033.671774 1493.000000
1780.693034 8107.815850 34.000000
1759.872679 8180.124135 1022.000000
1113.129091 8360.633044 1398.000000
735.315290 8444.073833 740.000000
700.231018 8782.717357 420.000000
708.561158 8787.384820 1212.000000
286.104288 8554.769852 508.000000
8.213082 8037.274758 255.000000
79.009272 7908.837780 159.000000
176.581345 7802.659524 1462.000000
87.330141 7757.682231 795.000000
347.343302 7798.869357 374.000000
328.313252 7960.828216 651.000000
660.919966 8081.876695 612.000000
566.888363 7692.723068 770.000000
129.551338 7369.339316 1226.000000
320.648686 9142.468599 573.000000
16.034944 9499.303647 778.000000
108.861188 9629.978710 1451.000000
334.367785 9719.359591 1322.000000
496.805986 9818.201484 1279.000000
230.257339 9935.095757 17.000000
891.291309 9933.024175 28.000000
1110.830419 9726.856886 534.000000
1257.791883 9708.177019 1029.000000
1754.616877 9845.850896 1203.000000
1839.696407 9777.516541 233.000000
1858.134131 9660.337721 566.000000
1895.021448 9625.474233 1374.000000
1995.573892 9610.407147 408.000000
2728.617225 9869.703627 1450.000000
2748.850525 9930.769880 849.000000
3182.559359 9275.154075 187.000000
3187.906869 9150.752476 444.000000
3443.168860 9339.024466 1201.000000
3366.385313 8837.962099 123.000000
3215.848949 8773.292107 1339.000000
3180.142414 8653.558390 813.000000
3006.398875 8545.888825 870.000000
2943.335475 8639.326779 528.000000
2996.300675 8825.436448 862.000000
2656.553976 8702.668114 913.000000
3221.774750 8368.223700 1427.000000
3589.428493 7524.675642 1315.000000
3658.439700 7396.043491 468.000000
3857.769223 7527.328673 793.000000
3890.494240 7536.698350 258.000000
4055.901558 7537.488070 638.000000
4595.548368 7381.426630 112.000000
4669.330038 7429.956094 1046.000000
4815.104513 7461.547930 1172.000000
4557.461457 7254.702005 620.000000
5583.801440 6950.798206 716.000000
6379.928913 7465.243217 1327.000000
6723.834917 7493.454831 1007.000000
5927.179589 8107.350682 303.000000
5901.595445 8114.649224 1093.000000
5853.409192 8248.297618 1491.000000
5796.288590 8222.329644 1401.000000
5641.591067 8221.067422 230.000000
5582.088090 8154.533416 1127.000000
5485.693666 8053.443003 261.000000
5213.193309 8139.946497 1433.000000
5068.025666 8307.366026 1012.000000
5106.108312 8362.401108 299.000000
5344.109272 8444.539191 11.000000
5394.681690 8415.163475 927.000000
5435.136522 8339.523630 1233.000000
5614.233541 8423.125650 315.000000
5624.364375 8692.049984 1417.000000
5634.482128 8741.131606 696.000000
6000.388952 8537.115799 702.000000
5380.453153 9276.146250 607.000000
7348.717822 9900.440909 1088.000000
7411.791611 9981.609252 564.000000
7606.947589 9968.120782 423.000000
7744.984053 9946.978041 307.000000
7831.843289 9790.166095 1138.000000
7743.781129 9729.431388 236.000000
7647.982523 9642.258705 1157.000000
7696.169181 9515.419253 1293.000000
7518.270913 9579.239618 180.000000
7459.374591 9708.742956 463.000000
7429.032297 9745.809086 1386.000000
7898.463131 9469.840722 948.000000
7884.774803 9410.116211 329.000000
8029.956002 9470.522292 669.000000
8084.699571 9545.692690 1059.000000
8160.281111 9844.626351 562.000000
8475.025142 9747.558785 1407.000000
8635.084405 9863.593252 563.000000
8580.262176 8466.392559 292.000000
8458.288921 8461.899561 117.000000
9514.339100 7497.259470 1379.000000
9738.651565 7516.855550 775.000000
9804.111053 7694.470201 816.000000
9907.060685 7968.925954 136.000000
9666.645746 7315.046157 209.000000
9564.304007 7257.445891 74.000000
9804.674797 7169.307618 881.000000
9655.912863 6927.487271 1305.000000
9694.567364 6593.695123 1358.000000
9797.499846 6579.905696 1406.000000
9832.008146 6560.904298 599.000000
9614.829365 6437.137298 1192.000000
9502.964150 6318.467858 1209.000000
9644.568069 6255.531333 687.000000
9648.130340 6126.630058 337.000000
9771.894165 6225.234659 1044.000000
9613.013170 5912.340593 949.000000
9250.686951 6295.579284 874.000000
8977.616052 6792.980370 709.000000
8248.707670 6029.808058 585.000000
6207.754820 3735.255550 433.000000
6192.279223 3636.908393 1356.000000
1165.852133 4476.795906 364.000000
