66552.000000
67453.000000
67150.000000
68511.000000
66443.000000
66957.000000
67022.000000
66692.000000
66812.000000
67817.000000
68827.000000
68526.000000
67748.000000
68531.000000
67566.000000
68157.000000
67842.000000
67563.000000
66246.000000
68742.000000
67027.000000
68181.000000
67603.000000
66461.000000
66869.000000
68593.000000
68943.000000
66719.000000
68305.000000
67637.000000
67940.000000
67668.000000
66818.000000
67925.000000
67024.000000
66995.000000
67530.000000
67617.000000
67460.000000
67511.000000
68027.000000
68333.000000
67351.000000
68248.000000
68189.000000
67243.000000
68973.000000
69027.000000
67565.000000
67622.000000
68065.000000
66477.000000
66546.000000
67422.000000
67735.000000
67162.000000
68862.000000
67566.000000
66684.000000
68281.000000
67947.000000
65674.000000
67995.000000
68115.000000
67533.000000
66652.000000
66923.000000
66789.000000
67609.000000
67376.000000
67904.000000
67449.000000
68332.000000
68102.000000
67095.000000
68579.000000
67211.000000
67026.000000
68124.000000
66843.000000
68036.000000
67121.000000
68303.000000
68969.000000
66935.000000
66848.000000
67999.000000
67599.000000
68145.000000
67643.000000
67020.000000
67515.000000
68045.000000
67274.000000
67632.000000
67149.000000
67861.000000
67349.000000
68430.000000
68746.000000
67598.000000
67980.000000
68238.000000
67673.000000
67287.000000
66738.000000
67082.000000
67742.000000
68044.000000
67556.000000
67494.000000
67894.000000
67157.000000
67194.000000
66208.000000
69536.000000
67828.000000
67386.000000
66504.000000
66960.000000
67601.000000
66796.000000
68351.000000
67960.000000
67464.000000
68463.000000
66727.000000
66512.000000
67115.000000
68900.000000
69161.000000
66393.000000
69035.000000
68485.000000
65632.000000
68572.000000
67375.000000
66754.000000
68215.000000
68007.000000
67142.000000
67728.000000
67731.000000
67395.000000
66807.000000
67417.000000
67370.000000
66793.000000
66079.000000
67810.000000
69015.000000
68502.000000
67798.000000
67883.000000
67933.000000
67445.000000
67986.000000
67341.000000
66923.000000
66948.000000
67244.000000
67632.000000
67061.000000
67737.000000
68857.000000
68017.000000
69365.000000
66675.000000
67149.000000
67540.000000
65797.000000
67927.000000
67788.000000
67486.000000
67113.000000
67259.000000
66931.000000
68510.000000
67866.000000
67172.000000
66884.000000
68012.000000
66937.000000
68156.000000
67388.000000
67365.000000
66665.000000
66693.000000
67046.000000
68173.000000
66520.000000
67344.000000
68412.000000
68306.000000
67391.000000
66526.000000
68241.000000
67111.000000
67586.000000
67026.000000
67234.000000
67725.000000
67356.000000
66844.000000
66697.000000
67480.000000
67858.000000
67949.000000
66472.000000
67716.000000
67671.000000
67436.000000
67865.000000
68347.000000
67451.000000
67163.000000
67968.000000
67774.000000
68126.000000
67739.000000
67727.000000
68194.000000
67728.000000
67454.000000
68090.000000
68069.000000
67530.000000
67032.000000
67587.000000
67189.000000
67522.000000
66561.000000
67744.000000
66675.000000
66746.000000
68166.000000
67855.000000
68003.000000
67632.000000
68323.000000
68078.000000
68417.000000
67299.000000
68920.000000
67613.000000
67428.000000
67369.000000
67105.000000
67439.000000
68206.000000
67116.000000
67507.000000
67555.000000
68261.000000
67973.000000
68202.000000
66589.000000
69245.000000
67498.000000
67402.000000
67556.000000
67040.000000
67364.000000
67057.000000
66887.000000
67859.000000
67772.000000
68755.000000
67899.000000
68019.000000
67832.000000
66678.000000
67729.000000
68379.000000
66784.000000
67689.000000
67312.000000
67331.000000
67261.000000
66718.000000
68149.000000
67220.000000
67384.000000
67781.000000
67952.000000
67575.000000
68173.000000
67186.000000
68350.000000
67064.000000
66465.000000
68795.000000
67772.000000
67463.000000
67428.000000
67399.000000
67505.000000
68196.000000
67197.000000
67689.000000
67458.000000
67525.000000
66948.000000
69008.000000
68163.000000
67803.000000
68058.000000
67300.000000
67601.000000
66266.000000
66095.000000
67786.000000
67680.000000
67262.000000
67831.000000
68097.000000
68128.000000
68736.000000
67501.000000
67317.000000
68188.000000
67148.000000
66709.000000
67158.000000
66341.000000
68193.000000
67875.000000
67160.000000
67715.000000
67937.000000
67955.000000
68774.000000
66920.000000
67396.000000
68439.000000
68521.000000
68155.000000
67159.000000
69111.000000
67583.000000
67679.000000
67799.000000
68147.000000
67014.000000
67857.000000
66682.000000
68054.000000
67709.000000
67850.000000
66702.000000
67911.000000
68388.000000
67664.000000
67671.000000
66854.000000
67579.000000
67124.000000
68192.000000
68503.000000
67130.000000
67487.000000
68383.000000
67000.000000
67162.000000
67022.000000
66527.000000
67595.000000
67808.000000
67391.000000
67278.000000
67771.000000
66339.000000
68140.000000
66217.000000
66571.000000
68867.000000
66911.000000
66885.000000
67065.000000
67129.000000
68999.000000
66798.000000
67836.000000
68263.000000
67130.000000
68326.000000
67271.000000
66669.000000
67867.000000
66986.000000
67366.000000
67696.000000
67278.000000
67812.000000
66527.000000
67252.000000
68322.000000
68167.000000
68119.000000
67621.000000
67809.000000
67046.000000
68542.000000
69000.000000
67111.000000
67025.000000
67565.000000
67046.000000
67829.000000
68924.000000
66948.000000
67590.000000
66993.000000
66650.000000
69996.000000
69212.000000
67227.000000
66913.000000
67393.000000
67171.000000
67428.000000
67191.000000
67352.000000
66599.000000
66955.000000
68875.000000
68362.000000
67273.000000
67434.000000
67162.000000
67282.000000
67337.000000
67147.000000
66916.000000
68004.000000
67746.000000
66788.000000
68060.000000
67719.000000
67285.000000
67270.000000
66503.000000
68334.000000
67657.000000
68513.000000
66316.000000
67156.000000
68411.000000
66935.000000
65859.000000
67699.000000
67171.000000
67752.000000
67271.000000
67317.000000
68106.000000
67498.000000
67571.000000
67489.000000
66897.000000
67873.000000
67688.000000
67304.000000
67886.000000
68147.000000
67802.000000
67582.000000
67426.000000
66885.000000
66395.000000
68357.000000
67771.000000
67758.000000
68548.000000
67720.000000
67282.000000
67729.000000
68243.000000
68971.000000
68190.000000
67832.000000
68953.000000
67060.000000
68399.000000
66827.000000
67579.000000
67662.000000
68373.000000
67609.000000
67575.000000
67738.000000
66348.000000
68350.000000
66088.000000
67446.000000
67389.000000
67972.000000
67786.000000
66950.000000
68167.000000
67133.000000
67371.000000
66969.000000
67320.000000
68910.000000
68165.000000
68445.000000
68583.000000
67447.000000
68086.000000
67370.000000
66754.000000
66178.000000
69208.000000
67768.000000
67644.000000
67965.000000
67937.000000
69134.000000
69330.000000
66637.000000
67575.000000
67853.000000
68283.000000
66620.000000
68376.000000
67927.000000
67873.000000
68358.000000
67450.000000
67610.000000
67644.000000
67146.000000
67775.000000
67353.000000
67510.000000
67814.000000
67477.000000
68447.000000
67454.000000
68447.000000
67997.000000
69069.000000
67805.000000
68660.000000
67196.000000
67741.000000
67078.000000
69113.000000
67673.000000
67448.000000
67201.000000
67307.000000
67884.000000
67043.000000
67210.000000
69245.000000
67003.000000
67818.000000
67856.000000
67797.000000
68947.000000
67414.000000
69040.000000
67086.000000
67639.000000
66622.000000
66577.000000
67358.000000
68070.000000
66278.000000
67606.000000
66851.000000
67927.000000
66313.000000
67961.000000
67647.000000
66953.000000
67331.000000
65784.000000
68257.000000
67900.000000
68124.000000
67637.000000
68950.000000
67701.000000
67149.000000
67543.000000
67790.000000
66853.000000
67526.000000
68211.000000
67308.000000
68212.000000
67412.000000
67652.000000
66168.000000
68253.000000
68328.000000
68491.000000
67371.000000
66954.000000
67691.000000
67453.000000
67654.000000
67345.000000
65308.000000
66290.000000
68294.000000
68338.000000
67316.000000
66936.000000
67587.000000
67448.000000
66608.000000
67670.000000
68381.000000
68055.000000
67454.000000
68915.000000
67103.000000
66873.000000
68631.000000
67375.000000
67323.000000
67755.000000
68774.000000
65969.000000
68812.000000
67662.000000
67748.000000
66538.000000
67832.000000
66155.000000
67052.000000
69065.000000
67916.000000
67933.000000
67413.000000
67976.000000
66783.000000
67770.000000
68870.000000
67394.000000
67761.000000
67422.000000
68271.000000
69427.000000
68373.000000
68225.000000
68107.000000
67997.000000
67482.000000
66858.000000
69742.000000
68044.000000
67489.000000
68205.000000
66244.000000
67230.000000
66739.000000
68019.000000
68281.000000
67748.000000
67934.000000
67939.000000
67023.000000
67412.000000
67514.000000
67539.000000
66954.000000
67714.000000
66112.000000
67367.000000
68483.000000
68244.000000
67182.000000
66713.000000
67124.000000
68304.000000
67225.000000
67261.000000
66757.000000
67779.000000
67335.000000
67545.000000
68220.000000
66341.000000
66914.000000
66501.000000
67976.000000
66867.000000
66153.000000
67684.000000
67718.000000
68548.000000
68165.000000
67680.000000
67147.000000
66480.000000
67027.000000
67907.000000
66659.000000
67681.000000
66796.000000
67298.000000
67510.000000
66501.000000
66993.000000
66989.000000
68029.000000
68391.000000
67835.000000
67642.000000
67407.000000
68757.000000
67125.000000
67691.000000
66267.000000
66492.000000
68446.000000
67911.000000
67169.000000
66861.000000
67916.000000
67386.000000
68056.000000
67505.000000
67652.000000
66699.000000
66935.000000
68733.000000
66693.000000
67873.000000
68413.000000
66640.000000
65713.000000
67220.000000
68200.000000
67487.000000
69403.000000
68492.000000
67301.000000
68139.000000
67252.000000
66758.000000
68108.000000
68603.000000
67888.000000
67147.000000
67186.000000
68884.000000
68330.000000
68063.000000
67315.000000
66346.000000
68047.000000
67791.000000
67084.000000
67029.000000
68930.000000
67025.000000
68322.000000
66689.000000
67455.000000
67758.000000
67864.000000
68907.000000
66774.000000
68219.000000
68530.000000
67995.000000
67361.000000
68299.000000
67649.000000
66913.000000
66825.000000
68316.000000
67688.000000
67518.000000
67233.000000
68184.000000
67823.000000
67459.000000
67862.000000
67910.000000
67949.000000
67855.000000
67698.000000
66984.000000
68010.000000
66743.000000
66424.000000
68953.000000
67742.000000
67519.000000
68423.000000
68750.000000
66945.000000
66952.000000
67874.000000
66768.000000
67679.000000
67929.000000
68689.000000
69285.000000
66802.000000
67385.000000
67907.000000
68385.000000
67679.000000
68047.000000
68092.000000
67519.000000
66083.000000
66900.000000
67234.000000
67168.000000
68036.000000
67920.000000
67090.000000
67251.000000
68489.000000
66641.000000
67652.000000
67135.000000
66079.000000
67928.000000
67517.000000
67562.000000
66405.000000
66299.000000
68386.000000
67291.000000
67860.000000
68381.000000
66299.000000
68361.000000
66062.000000
67968.000000
67210.000000
68369.000000
67953.000000
66947.000000
66908.000000
67140.000000
67418.000000
67472.000000
67861.000000
67373.000000
67725.000000
67274.000000
69384.000000
66867.000000
67242.000000
65765.000000
67582.000000
66865.000000
67800.000000
67663.000000
67938.000000
68725.000000
67599.000000
67255.000000
67283.000000
67406.000000
67073.000000
66661.000000
67405.000000
67917.000000
68555.000000
67001.000000
67809.000000
67175.000000
67800.000000
67315.000000
67970.000000
68692.000000
67511.000000
68138.000000
68544.000000
67599.000000
67619.000000
67494.000000
67386.000000
67604.000000
66926.000000
68272.000000
66587.000000
67299.000000
67263.000000
67280.000000
68049.000000
67624.000000
67731.000000
68965.000000
67315.000000
67109.000000
68587.000000
67678.000000
69276.000000
67133.000000
68550.000000
66580.000000
67267.000000
67492.000000
66960.000000
67376.000000
67498.000000
67734.000000
68297.000000
67745.000000
67358.000000
66702.000000
68564.000000
67405.000000
68193.000000
67672.000000
66426.000000
67896.000000
67782.000000
67327.000000
67269.000000
67346.000000
66680.000000
67699.000000
67813.000000
67505.000000
69241.000000
67155.000000
67179.000000
67690.000000
67579.000000
67656.000000
67274.000000
67654.000000
66923.000000
68126.000000
67284.000000
66940.000000
67702.000000
68581.000000
67906.000000
68512.000000
68160.000000
68123.000000
67775.000000
66673.000000
68426.000000
66800.000000
66301.000000
67899.000000
67808.000000
67899.000000
67365.000000
67847.000000
68605.000000
67272.000000
67526.000000
67978.000000
67562.000000
67441.000000
67883.000000
68275.000000
67377.000000
67773.000000
68215.000000
67048.000000
67736.000000
68913.000000
66921.000000
67164.000000
66649.000000
67843.000000
67562.000000
67634.000000
67566.000000
67193.000000
67202.000000
66977.000000
66320.000000
67969.000000
67560.000000
67175.000000
67945.000000
67349.000000
66954.000000
68180.000000
67155.000000
67121.000000
67217.000000
68427.000000
67343.000000
67079.000000
67764.000000
67830.000000
66897.000000
67330.000000
67666.000000
66856.000000
67857.000000
67469.000000
67054.000000
66663.000000
66121.000000
67427.000000
67580.000000
67273.000000
67773.000000
67765.000000
66446.000000
67976.000000
67920.000000
65763.000000
67485.000000
67809.000000
67199.000000
67313.000000
66054.000000
68090.000000
67504.000000
68475.000000
67581.000000
67675.000000
67271.000000
68444.000000
68859.000000
66859.000000
68603.000000
66726.000000
68209.000000
66991.000000
68096.000000
67984.000000
68162.000000
67953.000000
68185.000000
67911.000000
67235.000000
67254.000000
67972.000000
67858.000000
67302.000000
68696.000000
67394.000000
67478.000000
67810.000000
67918.000000
67221.000000
67798.000000
66341.000000
67304.000000
67939.000000
67050.000000
68685.000000
67216.000000
67663.000000
68260.000000
68749.000000
67960.000000
66805.000000
67530.000000
67603.000000
66979.000000
66088.000000
66715.000000
67970.000000
68040.000000
68314.000000
68607.000000
67297.000000
68423.000000
66713.000000
68042.000000
67129.000000
68866.000000
67321.000000
67366.000000
67836.000000
67613.000000
67493.000000
67304.000000
67605.000000
67836.000000
67232.000000
68073.000000
66982.000000
68987.000000
67678.000000
67902.000000
67865.000000
67437.000000
67707.000000
68477.000000
67966.000000
67815.000000
69118.000000
67744.000000
67193.000000
67749.000000
67787.000000
68193.000000
68207.000000
67279.000000
68607.000000
67636.000000
68785.000000
66169.000000
67902.000000
68404.000000
67314.000000
67621.000000
67735.000000
67044.000000
68158.000000
67264.000000
68164.000000
67940.000000
67575.000000
67154.000000
67461.000000
68779.000000
68400.000000
68257.000000
67474.000000
68275.000000
69013.000000
67856.000000
67936.000000
67931.000000
67736.000000
67751.000000
66547.000000
67129.000000
67601.000000
66938.000000
67063.000000
67017.000000
66888.000000
66712.000000
67481.000000
67630.000000
69041.000000
68739.000000
67787.000000
66909.000000
67402.000000
67501.000000
67135.000000
68224.000000
65947.000000
67335.000000
68312.000000
67307.000000
67461.000000
68067.000000
68225.000000
69610.000000
67134.000000
67150.000000
68192.000000
67480.000000
67540.000000
67591.000000
68808.000000
67383.000000
68503.000000
67101.000000
68471.000000
66902.000000
66867.000000
67729.000000
66742.000000
67203.000000
77594.000000
