171495.000000
133358.000000
99222.000000
75038.000000
66237.000000
39511.000000
29897.000000
26154.000000
60339.000000
77427.000000
100965.000000
149195.000000
181991.000000
158196.000000
129822.000000
157081.000000
203269.000000
201547.000000
147762.000000
144055.000000
168920.000000
186292.000000
183133.000000
174739.000000
157052.000000
176466.000000
182841.000000
154348.000000
177944.000000
200374.000000
209680.000000
190209.000000
163256.000000
177738.000000
202477.000000
226700.000000
244686.000000
227405.000000
213107.000000
214655.000000
242403.000000
289720.000000
298297.000000
297831.000000
309557.000000
315659.000000
300453.000000
314787.000000
270026.000000
300945.000000
323179.000000
320316.000000
347341.000000
324007.000000
309104.000000
271985.000000
240669.000000
247309.000000
282330.000000
261926.000000
246067.000000
282021.000000
300624.000000
310545.000000
321642.000000
310198.000000
313367.000000
325100.000000
339557.000000
371195.000000
324588.000000
314466.000000
338552.000000
321221.000000
329613.000000
333255.000000
345761.000000
343673.000000
345033.000000
335711.000000
306084.000000
313949.000000
271708.000000
234880.000000
197547.000000
196298.000000
150082.000000
183605.000000
190999.000000
197979.000000
235276.000000
235733.000000
219655.000000
201398.000000
172332.000000
166678.000000
181345.000000
192712.000000
162785.000000
155382.000000
134483.000000
206930.000000
220721.000000
261734.000000
295332.000000
279885.000000
254776.000000
286154.000000
316542.000000
320792.000000
311014.000000
330648.000000
351569.000000
266803.000000
255053.000000
272598.000000
248220.000000
247155.000000
271307.000000
281722.000000
257334.000000
259317.000000
278026.000000
286484.000000
321319.000000
307282.000000
296625.000000
252240.000000
269399.000000
292926.000000
277163.000000
286642.000000
254196.000000
222988.000000
192320.000000
192199.000000
211559.000000
238128.000000
229349.000000
134983.000000
162508.000000
179743.000000
180234.000000
169950.000000
154468.000000
163885.000000
145746.000000
154012.000000
152924.000000
153830.000000
160455.000000
176205.000000
176092.000000
190657.000000
191143.000000
175234.000000
182461.000000
166656.000000
179254.000000
168112.000000
148442.000000
152648.000000
175509.000000
173368.000000
172995.000000
182964.000000
163295.000000
162354.000000
176219.000000
164470.000000
189654.000000
189346.000000
170042.000000
153011.000000
162944.000000
141894.000000
176835.000000
196348.000000
169482.000000
174093.000000
160711.000000
134559.000000
163486.000000
148683.000000
136798.000000
137286.000000
155334.000000
148956.000000
266223.000000
246188.000000
216979.000000
220596.000000
211386.000000
193829.000000
199474.000000
181979.000000
178163.000000
178322.000000
154906.000000
154564.000000
138989.000000
125045.000000
128813.000000
167955.000000
167351.000000
188556.000000
194308.000000
181050.000000
211896.000000
253182.000000
314163.000000
307678.000000
318104.000000
313563.000000
304913.000000
301310.000000
271591.000000
268505.000000
267167.000000
285389.000000
211327.000000
224061.000000
211331.000000
217018.000000
198953.000000
169400.000000
192292.000000
201257.000000
201257.000000
191612.000000
201208.000000
174314.000000
175290.000000
156094.000000
139920.000000
138362.000000
154721.000000
158877.000000
163414.000000
180882.000000
158835.000000
153510.000000
142298.000000
157516.000000
142057.000000
133179.000000
145682.000000
141898.000000
137954.000000
178359.000000
167173.000000
166742.000000
159641.000000
156628.000000
183310.000000
195230.000000
200107.000000
178392.000000
178662.000000
172855.000000
189205.000000
275542.000000
270382.000000
288332.000000
268067.000000
216752.000000
221368.000000
222239.000000
244810.000000
249474.000000
284257.000000
274054.000000
271760.000000
298664.000000
264166.000000
294776.000000
283433.000000
298809.000000
292126.000000
283183.000000
252425.000000
234295.000000
241774.000000
242313.000000
250824.000000
269048.000000
313333.000000
301168.000000
298946.000000
333443.000000
344497.000000
341179.000000
352402.000000
3600000
156519.000000
153264.000000
162573.000000
162647.000000
173669.000000
175079.000000
179423.000000
177634.000000
179782.000000
180090.000000
184992.000000
201541.000000
203830.000000
203364.000000
190126.000000
195209.000000
175243.000000
177706.000000
170176.000000
179235.000000
168580.000000
181726.000000
175221.000000
182262.000000
178608.000000
172678.000000
181104.000000
173451.000000
260864.000000
227613.000000
218352.000000
200476.000000
199872.000000
218398.000000
288847.000000
285286.000000
285829.000000
285470.000000
249763.000000
259965.000000
233094.000000
233527.000000
273144.000000
266934.000000
268073.000000
248559.000000
251403.000000
251648.000000
242718.000000
180014.000000
170310.000000
181626.000000
175759.000000
176263.000000
175202.000000
163534.000000
178785.000000
209647.000000
206267.000000
193931.000000
166102.000000
181343.000000
188005.000000
208731.000000
196618.000000
203822.000000
205149.000000
229444.000000
236790.000000
218145.000000
219778.000000
253343.000000
242738.000000
253544.000000
269453.000000
268951.000000
261093.000000
253950.000000
272174.000000
266785.000000
269391.000000
271245.000000
266620.000000
285275.000000
285592.000000
294996.000000
274289.000000
285720.000000
287321.000000
270734.000000
281016.000000
292027.000000
305266.000000
295701.000000
306707.000000
288712.000000
300000.000000
292790.000000
292547.000000
275051.000000
285285.000000
263466.000000
267976.000000
256681.000000
252123.000000
246175.000000
247140.000000
264888.000000
282407.000000
280168.000000
277520.000000
311986.000000
319606.000000
322255.000000
310296.000000
299000.000000
305986.000000
299274.000000
299288.000000
276741.000000
264781.000000
264881.000000
265471.000000
249866.000000
246630.000000
234992.000000
246216.000000
244632.000000
222223.000000
194441.000000
196898.000000
163432.000000
172842.000000
166170.000000
188741.000000
173410.000000
176214.000000
175540.000000
192691.000000
186975.000000
195590.000000
187414.000000
196842.000000
201424.000000
190764.000000
199857.000000
222109.000000
240455.000000
259098.000000
264580.000000
276564.000000
285494.000000
276268.000000
268038.000000
270430.000000
279801.000000
268866.000000
269821.000000
270814.000000
270864.000000
276950.000000
227714.000000
225289.000000
228901.000000
238148.000000
255414.000000
267350.000000
277954.000000
274054.000000
281637.000000
289687.000000
305734.000000
307702.000000
286654.000000
290605.000000
294776.000000
294395.000000
222515.000000
210201.000000
183685.000000
198665.000000
173560.000000
164191.000000
201306.000000
190576.000000
186546.000000
202186.000000
193956.000000
196607.000000
207620.000000
237253.000000
262504.000000
280907.000000
298783.000000
213673.000000
205379.000000
205648.000000
205648.000000
216610.000000
234217.000000
233317.000000
235555.000000
234605.000000
253483.000000
253622.000000
271210.000000
273678.000000
283019.000000
255537.000000
228487.000000
211967.000000
199802.000000
187651.000000
175069.000000
173680.000000
157926.000000
151012.000000
151012.000000
157419.000000
146298.000000
153504.000000
201056.000000
178693.000000
207701.000000
205452.000000
202108.000000
211198.000000
227313.000000
200024.000000
208046.000000
210063.000000
212761.000000
203613.000000
203536.000000
183118.000000
173944.000000
176593.000000
177024.000000
149807.000000
128032.000000
121051.000000
103668.000000
99271.000000
92061.000000
85327.000000
78593.000000
69703.000000
79024.000000
70933.000000
68046.000000
61451.000000
56666.000000
58578.000000
52275.000000
55197.000000
63743.000000
98832.000000
86681.000000
75611.000000
67970.000000
57132.000000
55964.000000
76705.000000
88130.000000
86140.000000
100592.000000
99685.000000
106958.000000
117295.000000
123735.000000
161672.000000
180224.000000
185147.000000
173598.000000
182457.000000
199752.000000
200000.000000
201401.000000
199839.000000
219873.000000
221182.000000
237368.000000
213934.000000
206409.000000
199444.000000
199444.000000
192710.000000
192710.000000
192710.000000
98318.000000
98054.000000
111618.000000
151342.000000
147543.000000
000
244389.000000
260243.000000
266816.000000
238198.000000
225858.000000
179594.000000
166233.000000
192579.000000
193091.000000
208016.000000
207999.000000
214622.000000
235912.000000
233483.000000
244207.000000
214605.000000
252880.000000
244922.000000
237377.000000
223849.000000
229153.000000
234936.000000
233073.000000
244388.000000
283344.000000
228930.000000
266729.000000
270736.000000
274717.000000
284298.000000
284606.000000
266349.000000
267335.000000
267608.000000
256194.000000
250389.000000
240511.000000
253581.000000
253602.000000
234897.000000
244701.000000
250097.000000
258747.000000
258861.000000
261541.000000
219511.000000
203682.000000
217943.000000
217007.000000
228668.000000
228192.000000
208404.000000
203468.000000
203397.000000
196101.000000
208732.000000
219624.000000
208457.000000
175211.000000
167276.000000
162796.000000
165261.000000
159179.000000
168721.000000
178161.000000
185075.000000
192637.000000
167531.000000
180351.000000
206460.000000
214481.000000
196449.000000
189485.000000
201112.000000
191938.000000
174856.000000
191648.000000
207946.000000
216166.000000
216368.000000
190215.000000
199376.000000
198865.000000
173111.000000
208380.000000
197490.000000
171945.000000
176831.000000
170674.000000
181347.000000
158722.000000
159940.000000
142478.000000
135934.000000
126898.000000
117490.000000
95898.000000
112119.000000
147918.000000
150026.000000
145483.000000
162872.000000
150396.000000
150122.000000
121748.000000
121613.000000
134513.000000
141549.000000
144333.000000
163536.000000
175033.000000
168194.000000
164997.000000
160853.000000
187881.000000
196832.000000
194818.000000
187979.000000
187072.000000
185258.000000
184351.000000
183444.000000
193038.000000
202264.000000
179235.000000
169291.000000
170489.000000
170377.000000
150201.000000
154260.000000
143069.000000
152198.000000
161088.000000
167668.000000
174479.000000
174092.000000
167555.000000
176963.000000
188409.000000
252577.000000
241340.000000
240585.000000
260452.000000
256264.000000
225978.000000
249959.000000
256693.000000
238384.000000
229000.000000
201899.000000
199081.000000
207656.000000
208148.000000
208148.000000
200922.000000
193281.000000
184252.000000
202546.000000
193644.000000
205406.000000
205126.000000
187891.000000
207148.000000
197903.000000
217894.000000
217558.000000
240072.000000
250213.000000
257999.000000
133536.000000
202873.000000
197951.000000
210890.000000
232268.000000
240060.000000
260157.000000
269755.000000
305854.000000
323781.000000
316896.000000
285286.000000
296635.000000
259617.000000
259965.000000
261462.000000
242178.000000
240390.000000
230968.000000
256356.000000
229143.000000
200455.000000
177995.000000
176613.000000
143981.000000
177616.000000
197371.000000
206315.000000
172754.000000
181699.000000
168540.000000
162627.000000
214817.000000
191041.000000
194612.000000
166154.000000
150486.000000
188005.000000
208363.000000
180709.000000
210556.000000
222710.000000
239870.000000
248193.000000
220209.000000
249422.000000
253544.000000
270439.000000
203432.000000
190308.000000
231051.000000
227645.000000
256934.000000
270696.000000
319081.000000
313289.000000
366732.000000
372883.000000
362018.000000
351538.000000
355737.000000
361014.000000
346246.000000
350832.000000
351831.000000
329828.000000
376418.000000
404203.000000
384791.000000
367295.000000
344705.000000
353268.000000
288447.000000
267214.000000
226174.000000
239465.000000
200963.000000
175252.000000
215454.000000
218787.000000
251825.000000
250616.000000
266048.000000
283432.000000
292954.000000
198408.000000
198408.000000
198408.000000
198408.000000
198408.000000
198408.000000
198408.000000
200179.000000
189951.000000
196457.000000
205452.000000
213070.000000
213008.000000
226945.000000
227313.000000
215880.000000
210063.000000
210113.000000
212419.000000
212419.000000
191924.000000
182750.000000
169383.000000
177024.000000
183045.000000
179124.000000
150055.000000
138994.000000
120620.000000
103668.000000
99882.000000
89905.000000
83171.000000
76437.000000
69703.000000
76868.000000
70934.000000
67417.000000
58803.000000
0000
187746.000000
259610.000000
291623.000000
258516.000000
278993.000000
295324.000000
284616.000000
240199.000000
244524.000000
244752.000000
269542.000000
316739.000000
325791.000000
311428.000000
282533.000000
284809.000000
274711.000000
254098.000000
258765.000000
260547.000000
295099.000000
325058.000000
324215.000000
331777.000000
307185.000000
261974.000000
273670.000000
244176.000000
250900.000000
265830.000000
285223.000000
276219.000000
270206.000000
247921.000000
271194.000000
259264.000000
282458.000000
255096.000000
266510.000000
262189.000000
265301.000000
244429.000000
226666.000000
189809.000000
207968.000000
232884.000000
245885.000000
236962.000000
256952.000000
249929.000000
219622.000000
288197.000000
299010.000000
331571.000000
314976.000000
292241.000000
318409.000000
295115.000000
325480.000000
341085.000000
358245.000000
317792.000000
295135.000000
285066.000000
239948.000000
269394.000000
279787.000000
283147.000000
302763.000000
316204.000000
275398.000000
276566.000000
263334.000000
288353.000000
267531.000000
286739.000000
323892.000000
302248.000000
258527.000000
246255.000000
289498.000000
290410.000000
262541.000000
278003.000000
275024.000000
260711.000000
294221.000000
303480.000000
327994.000000
306573.000000
327882.000000
309518.000000
364329.000000
442476.000000
254630.000000
251009.000000
277418.000000
267049.000000
301894.000000
309287.000000
315297.000000
341326.000000
358528.000000
351942.000000
340111.000000
338549.000000
363630.000000
348047.000000
341287.000000
302895.000000
278822.000000
267450.000000
257838.000000
271502.000000
280338.000000
256598.000000
260021.000000
249384.000000
254603.000000
258203.000000
287711.000000
243616.000000
256833.000000
231717.000000
217646.000000
236728.000000
265220.000000
282804.000000
272989.000000
261115.000000
251124.000000
259902.000000
255193.000000
217831.000000
216929.000000
176491.000000
192926.000000
196189.000000
216213.000000
234561.000000
243911.000000
242273.000000
252577.000000
252853.000000
234670.000000
230124.000000
227410.000000
234568.000000
241687.000000
276514.000000
272647.000000
287347.000000
279014.000000
279859.000000
313748.000000
314243.000000
314049.000000
296320.000000
266795.000000
272080.000000
266209.000000
277892.000000
272591.000000
256570.000000
158988.000000
157140.000000
158647.000000
163503.000000
181240.000000
152706.000000
168934.000000
159275.000000
132928.000000
162714.000000
163494.000000
181769.000000
167888.000000
193835.000000
186488.000000
185066.000000
160019.000000
186782.000000
170383.000000
176724.000000
186749.000000
269818.000000
229961.000000
256683.000000
236248.000000
253776.000000
245355.000000
239012.000000
216770.000000
221293.000000
221955.000000
232457.000000
255621.000000
231347.000000
273779.000000
275322.000000
254332.000000
254045.000000
235384.000000
247872.000000
228831.000000
233596.000000
189940.000000
192976.000000
192996.000000
313363.000000
317649.000000
311599.000000
302663.000000
300418.000000
309717.000000
297597.000000
322381.000000
307697.000000
268943.000000
310247.000000
310617.000000
289273.000000
308279.000000
289173.000000
263215.000000
266798.000000
265278.000000
199855.000000
179212.000000
142850.000000
150060.000000
139689.000000
116519.000000
99927.000000
114092.000000
116038.000000
117714.000000
127027.000000
155781.000000
181347.000000
196716.000000
255946.000000
274344.000000
285662.000000
261636.000000
139463.000000
147291.000000
164702.000000
155035.000000
159717.000000
184856.000000
182066.000000
188907.000000
158866.000000
182306.000000
209321.000000
218025.000000
208799.000000
192116.000000
190204.000000
211479.000000
319071.000000
307909.000000
300699.000000
268188.000000
272329.000000
306546.000000
233642.000000
254354.000000
276502.000000
254638.000000
256794.000000
237149.000000
227596.000000
213426.000000
191206.000000
190034.000000
284636.000000
238538.000000
201875.000000
166123.000000
182515.000000
156163.000000
146803.000000
162814.000000
154240.000000
128116.000000
138832.000000
132533.000000
133871.000000
143726.000000
144267.000000
14380
287089.000000
316290.000000
309826.000000
326395.000000
342587.000000
382522.000000
420553.000000
432808.000000
165751.000000
144938.000000
161379.000000
185964.000000
185443.000000
207184.000000
217491.000000
228821.000000
219209.000000
200202.000000
208075.000000
216860.000000
215196.000000
220890.000000
221494.000000
194220.000000
223814.000000
233657.000000
221496.000000
188966.000000
199391.000000
229295.000000
229766.000000
258886.000000
258401.000000
246448.000000
257988.000000
258895.000000
259263.000000
249068.000000
260115.000000
250412.000000
216102.000000
243033.000000
203542.000000
210475.000000
210828.000000
190306.000000
185427.000000
176785.000000
192852.000000
204477.000000
213086.000000
198885.000000
195257.000000
224098.000000
171435.000000
168063.000000
187881.000000
150443.000000
162734.000000
157770.000000
163364.000000
180363.000000
167281.000000
146189.000000
153493.000000
163472.000000
177113.000000
182577.000000
194129.000000
191230.000000
167229.000000
187213.000000
169996.000000
176293.000000
176724.000000
204625.000000
270294.000000
238767.000000
256303.000000
246641.000000
263002.000000
240570.000000
232227.000000
216736.000000
221293.000000
221137.000000
244081.000000
256002.000000
242605.000000
275798.000000
274660.000000
265697.000000
265410.000000
253260.000000
247843.000000
240089.000000
211238.000000
208918.000000
189940.000000
177888.000000
193026.000000
193025.000000
220959.000000
204045.000000
244259.000000
231232.000000
264729.000000
257369.000000
259605.000000
210741.000000
208531.000000
202391.000000
218301.000000
200554.000000
200136.000000
187757.000000
169516.000000
167773.000000
161974.000000
154629.000000
113801.000000
144525.000000
174689.000000
177313.000000
177298.000000
194308.000000
255467.000000
271189.000000
237339.000000
241705.000000
256482.000000
253695.000000
249408.000000
260624.000000
253043.000000
268125.000000
307153.000000
307991.000000
322453.000000
307993.000000
296142.000000
238598.000000
228536.000000
239960.000000
224103.000000
212509.000000
241457.000000
239818.000000
233011.000000
222585.000000
223261.000000
219514.000000
226244.000000
214862.000000
192155.000000
190691.000000
156094.000000
142865.000000
165505.000000
180882.000000
156187.000000
150862.000000
139789.000000
159628.000000
159837.000000
151806.000000
140157.000000
142473.000000
147918.000000
142609.000000
119805.000000
161748.000000
187632.000000
164664.000000
159639.000000
159640.000000
154661.000000
184037.000000
224422.000000
186855.000000
175428.000000
167148.000000
180818.000000
173918.000000
166389.000000
153033.000000
171098.000000
187779.000000
187503.000000
201018.000000
211793.000000
201496.000000
210791.000000
201418.000000
307656.000000
280230.000000
275152.000000
275098.000000
279505.000000
263792.000000
279517.000000
262081.000000
244886.000000
263349.000000
265896.000000
245575.000000
251350.000000
234759.000000
200016.000000
200486.000000
179046.000000
199030.000000
218081.000000
172879.000000
164578.000000
213032.000000
195429.000000
195452.000000
193956.000000
196607.000000
157204.000000
156549.000000
144676.000000
154697.000000
144411.000000
152791.000000
160704.000000
160181.000000
160311.000000
158098.000000
169301.000000
192192.000000
198580.000000
181817.000000
192421.000000
182606.000000
193210.000000
196734.000000
196734.000000
192137.000000
201013.000000
188440.000000
170193.000000
162742.000000
171485.000000
192953.000000
200329.000000
201560.000000
211397.000000
385171.000000
373839.000000
359951.000000
353333.000000
317581.000000
268277.000000
238481.000000
206666.000000
234718.000000
251154.000000
240057.000000
235642.000000
193567.000000
176590.000000
182463.000000
206130.000000
207214.000000
241832.000000
250616.000000
253274.000000
266099.000000
284604.000000
301427.000000
285643.000000
254966.000000
244644.000000
218317.000000
209267.000000
208716.000000
214470.000000
169604.000000
193930.000000
203181.000000
195818.000000
176225.000000
178146.000000
211993.000000
246021.000000
218926.000000
218926.000000
221664.000000
192250.000000
197202.000000
206835