1224.300000 945.600000
1224.300000 971.000000
1224.300000 996.400000
1224.300000 1021.800000
1224.300000 1047.200000
1186.200000 1034.500000
1186.200000 1059.900000
1084.600000 1059.900000
1084.600000 1034.500000
1052.800000 1034.500000
0.000000 0.000000
1027.400000 1034.500000
1027.400000 1059.900000
1027.400000 1085.300000
1027.400000 1110.700000
1027.400000 1136.100000
1027.400000 1161.500000
1027.400000 1186.900000
1027.400000 1212.300000
1052.800000 1212.300000
1052.800000 1186.900000
1052.800000 1161.500000
1052.800000 1136.100000
1052.800000 1110.700000
1052.800000 1085.300000
1052.800000 1059.900000
1084.600000 1085.300000
1084.600000 1110.700000
1084.600000 1136.100000
1084.600000 1161.500000
1084.600000 1186.900000
1084.600000 1212.300000
1084.600000 1237.700000
1052.800000 1237.700000
1027.400000 1237.700000
1027.400000 1263.100000
1027.400000 1288.500000
1052.800000 1288.500000
1052.800000 1263.100000
1084.600000 1263.100000
1084.600000 1288.500000
1084.600000 1313.900000
1084.600000 1339.300000
1084.600000 1364.700000
1084.600000 1390.100000
1084.600000 1415.500000
1052.800000 1415.500000
1052.800000 1390.100000
1052.800000 1364.700000
1052.800000 1339.300000
1052.800000 1313.900000
1027.400000 1313.900000
1027.400000 1339.300000
1027.400000 1364.700000
1027.400000 1390.100000
1027.400000 1415.500000
1027.400000 1504.400000
1052.800000 1517.100000
1052.800000 1491.700000
1084.600000 1491.700000
1186.200000 1491.700000
1224.300000 1529.800000
1224.300000 1555.200000
1224.300000 1580.600000
1224.300000 1606.000000
1224.300000 1631.400000
1224.300000 1656.800000
1224.300000 1682.200000
1224.300000 1707.600000
1224.300000 1733.000000
1097.300000 1948.900000
1071.900000 1948.900000
1224.300000 2152.100000
1224.300000 2177.500000
1224.300000 2202.900000
1224.300000 2228.300000
1224.300000 2253.700000
1224.300000 2279.100000
1224.300000 2304.500000
1224.300000 2329.900000
1224.300000 2355.300000
1224.300000 2380.700000
1224.300000 2406.100000
1224.300000 2431.500000
1224.300000 2456.900000
1224.300000 2482.300000
1325.900000 2152.100000
1325.900000 2177.500000
1325.900000 2202.900000
1325.900000 2228.300000
1325.900000 2253.700000
1325.900000 2279.100000
1325.900000 2304.500000
1325.900000 2329.900000
1325.900000 2355.300000
1325.900000 2380.700000
1325.900000 2406.100000
1325.900000 2431.500000
1325.900000 2456.900000
1325.900000 2482.300000
1287.800000 2545.800000
1262.400000 2545.800000
1224.300000 2609.300000
1224.300000 2634.700000
1186.200000 2647.400000
1084.600000 2647.400000
1052.800000 2647.400000
1027.400000 2660.100000
1052.800000 2672.800000
1084.600000 2837.900000
1186.200000 2837.900000
1224.300000 2863.300000
1224.300000 2888.700000
1224.300000 2914.100000
1224.300000 2939.500000
1325.900000 2939.500000
1325.900000 2914.100000
1325.900000 2888.700000
1325.900000 2863.300000
1325.900000 2837.900000
1224.300000 2837.900000
1224.300000 2812.500000
1224.300000 2787.100000
1224.300000 2761.700000
1224.300000 2736.300000
1224.300000 2710.900000
1224.300000 2685.500000
1224.300000 2660.100000
1325.900000 2609.300000
1325.900000 2634.700000
1325.900000 2660.100000
1325.900000 2685.500000
1325.900000 2710.900000
1325.900000 2736.300000
1325.900000 2761.700000
1325.900000 2787.100000
1325.900000 2812.500000
1618.000000 2818.900000
1643.400000 2844.300000
1618.000000 2869.700000
1618.000000 2920.500000
1643.400000 2945.900000
1618.000000 2971.300000
1579.900000 3028.400000
1605.300000 3028.400000
1630.700000 3028.400000
1656.100000 3028.400000
1681.500000 3028.400000
1706.900000 3028.400000
1732.300000 3028.400000
1757.700000 3028.400000
1783.100000 3028.400000
1681.500000 2964.900000
1681.500000 2939.500000
1681.500000 2914.100000
1681.500000 2888.700000
1681.500000 2863.300000
1681.500000 2837.900000
1681.500000 2812.500000
1681.500000 2787.100000
1681.500000 2761.700000
1618.000000 2768.100000
1618.000000 2717.300000
1643.400000 2742.700000
1681.500000 2736.300000
1681.500000 2710.900000
1656.100000 2685.500000
1681.500000 2685.500000
1706.900000 2685.500000
1732.300000 2685.500000
1757.700000 2685.500000
1783.100000 2685.500000
1783.100000 2710.900000
1783.100000 2736.300000
1783.100000 2761.700000
1783.100000 2787.100000
1783.100000 2812.500000
1783.100000 2837.900000
1783.100000 2863.300000
1783.100000 2888.700000
1783.100000 2914.100000
1783.100000 2939.500000
1783.100000 2964.900000
1821.200000 2958.600000
1821.200000 2984.000000
1808.500000 3028.400000
1833.900000 3028.400000
1859.300000 3028.400000
1884.700000 3028.400000
1910.100000 3028.400000
1935.500000 3028.400000
1973.600000 3015.700000
1999.000000 3015.700000
2024.400000 3015.700000
2024.400000 2939.500000
1999.000000 2939.500000
1973.600000 2939.500000
1948.200000 2920.500000
1922.800000 2958.600000
1922.800000 2984.000000
1872.000000 2920.500000
1872.000000 2869.700000
1878.300000 2837.900000
1903.700000 2837.900000
1929.100000 2837.900000
1948.200000 2869.700000
1973.600000 2914.100000
1999.000000 2914.100000
2024.400000 2914.100000
2024.400000 2837.900000
1999.000000 2837.900000
1973.600000 2837.900000
1973.600000 2787.100000
1999.000000 2787.100000
2024.400000 2787.100000
2024.400000 2710.900000
1999.000000 2710.900000
1973.600000 2710.900000
1973.600000 2685.500000
1922.800000 2660.100000
1922.800000 2685.500000
1922.800000 2710.900000
1929.100000 2736.300000
1903.700000 2736.300000
1878.300000 2736.300000
1821.200000 2710.900000
1821.200000 2685.500000
1821.200000 2660.100000
1821.200000 2634.700000
1821.200000 2609.300000
1783.100000 2609.300000
1783.100000 2634.700000
1681.500000 2609.300000
1681.500000 2634.700000
1643.400000 2641.100000
1618.000000 2666.500000
1618.000000 2615.700000
1579.900000 2571.200000
1605.300000 2571.200000
1630.700000 2571.200000
1656.100000 2571.200000
1681.500000 2571.200000
1706.900000 2571.200000
1732.300000 2571.200000
1757.700000 2571.200000
1783.100000 2571.200000
1808.500000 2571.200000
1783.100000 2507.700000
1783.100000 2482.300000
1783.100000 2456.900000
1783.100000 2431.500000
1783.100000 2406.100000
1783.100000 2380.700000
1783.100000 2355.300000
1783.100000 2329.900000
1783.100000 2304.500000
1783.100000 2279.100000
1783.100000 2253.700000
1783.100000 2228.300000
1757.700000 2228.300000
1732.300000 2228.300000
1706.900000 2228.300000
1681.500000 2228.300000
1656.100000 2228.300000
1681.500000 2253.700000
1681.500000 2279.100000
1681.500000 2304.500000
1681.500000 2329.900000
1681.500000 2355.300000
1681.500000 2380.700000
1681.500000 2406.100000
1681.500000 2431.500000
1681.500000 2456.900000
1681.500000 2482.300000
1681.500000 2507.700000
1643.400000 2488.700000
1618.000000 2514.100000
1618.000000 2463.300000
1618.000000 2412.500000
1643.400000 2387.100000
1618.000000 2361.700000
1618.000000 2310.900000
1643.400000 2285.500000
1618.000000 2260.100000
1618.000000 2209.300000
1643.400000 2183.900000
1618.000000 2158.500000
1681.500000 2152.100000
1681.500000 2177.500000
1783.100000 2177.500000
1783.100000 2152.100000
1821.200000 2152.100000
1821.200000 2177.500000
1821.200000 2202.900000
1821.200000 2228.300000
1821.200000 2253.700000
1878.300000 2279.100000
1903.700000 2279.100000
1929.100000 2279.100000
1973.600000 2329.900000
1999.000000 2329.900000
2024.400000 2329.900000
2024.400000 2253.700000
2024.400000 2228.300000
1999.000000 2228.300000
1999.000000 2253.700000
1973.600000 2253.700000
1973.600000 2228.300000
1922.800000 2253.700000
1922.800000 2228.300000
1922.800000 2202.900000
1922.800000 2177.500000
1922.800000 2152.100000
1973.600000 2152.100000
1999.000000 2152.100000
2024.400000 2152.100000
2075.200000 2152.100000
2075.200000 2177.500000
2075.200000 2202.900000
2075.200000 2228.300000
2075.200000 2253.700000
2075.200000 2279.100000
2075.200000 2304.500000
2075.200000 2329.900000
2075.200000 2355.300000
2075.200000 2380.700000
2075.200000 2406.100000
2075.200000 2431.500000
2075.200000 2456.900000
2075.200000 2482.300000
2024.400000 2456.900000
1999.000000 2456.900000
1973.600000 2482.300000
1999.000000 2482.300000
2024.400000 2482.300000
2024.400000 2558.500000
1999.000000 2558.500000
1973.600000 2558.500000
1922.800000 2526.800000
1922.800000 2501.400000
1948.200000 2463.300000
1973.600000 2456.900000
1948.200000 2412.500000
2024.400000 2380.700000
1999.000000 2380.700000
1973.600000 2380.700000
1929.100000 2380.700000
1903.700000 2380.700000
1878.300000 2380.700000
1872.000000 2412.500000
1872.000000 2463.300000
1821.200000 2501.400000
1821.200000 2526.800000
1833.900000 2571.200000
1859.300000 2571.200000
1884.700000 2571.200000
1910.100000 2571.200000
1935.500000 2571.200000
1922.800000 2609.300000
1922.800000 2634.700000
1973.600000 2609.300000
1999.000000 2609.300000
2024.400000 2609.300000
1999.000000 2685.500000
2024.400000 2685.500000
2075.200000 2609.300000
2075.200000 2634.700000
2075.200000 2660.100000
2075.200000 2685.500000
2075.200000 2710.900000
2075.200000 2736.300000
2075.200000 2761.700000
2075.200000 2787.100000
2075.200000 2812.500000
2075.200000 2837.900000
2075.200000 2863.300000
2075.200000 2888.700000
2075.200000 2914.100000
2075.200000 2939.500000
2176.800000 2939.500000
2176.800000 2914.100000
2176.800000 2888.700000
2176.800000 2863.300000
2176.800000 2837.900000
2176.800000 2812.500000
2176.800000 2787.100000
2176.800000 2761.700000
2176.800000 2736.300000
2176.800000 2710.900000
2176.800000 2685.500000
2176.800000 2660.100000
2176.800000 2634.700000
2176.800000 2609.300000
2113.300000 2545.800000
2138.700000 2545.800000
2176.800000 2482.300000
2176.800000 2456.900000
2176.800000 2431.500000
2176.800000 2406.100000
2176.800000 2380.700000
2176.800000 2355.300000
2176.800000 2329.900000
2176.800000 2304.500000
2176.800000 2279.100000
2176.800000 2253.700000
2176.800000 2228.300000
2176.800000 2202.900000
2176.800000 2177.500000
2176.800000 2152.100000
2113.300000 1948.900000
2138.700000 1948.900000
2449.800000 2037.800000
2475.200000 2037.800000
2500.600000 2037.800000
2526.000000 2037.800000
2551.400000 2037.800000
2576.800000 2037.800000
2602.200000 2037.800000
2627.600000 2037.800000
2672.100000 2037.800000
2697.500000 2037.800000
2722.900000 2037.800000
2748.300000 2037.800000
2773.700000 2037.800000
2799.100000 2037.800000
2824.500000 2037.800000
2849.900000 2037.800000
2926.100000 2075.900000
2926.100000 2152.100000
2926.100000 2202.900000
2875.300000 2228.300000
2849.900000 2228.300000
2824.500000 2228.300000
2773.700000 2202.900000
2773.700000 2228.300000
2773.700000 2253.700000
2729.200000 2279.100000
2754.600000 2279.100000
2780.000000 2279.100000
2824.500000 2253.700000
2849.900000 2253.700000
2875.300000 2253.700000
2926.100000 2279.100000
3002.300000 2279.100000
3053.100000 2279.100000
3103.900000 2279.100000
3103.900000 2329.900000
3053.100000 2329.900000
3002.300000 2329.900000
2926.100000 2329.900000
2875.300000 2329.900000
2849.900000 2329.900000
2824.500000 2329.900000
2824.500000 2380.700000
2849.900000 2380.700000
2875.300000 2380.700000
2926.100000 2406.100000
2926.100000 2456.900000
2875.300000 2456.900000
2849.900000 2456.900000
2824.500000 2456.900000
2824.500000 2482.300000
2849.900000 2482.300000
2875.300000 2482.300000
2926.100000 2533.100000
2926.100000 2583.900000
2926.100000 2660.100000
2926.100000 2710.900000
2875.300000 2710.900000
2875.300000 2685.500000
2849.900000 2685.500000
2824.500000 2685.500000
2824.500000 2710.900000
2849.900000 2710.900000
2875.300000 2787.100000
2849.900000 2787.100000
2824.500000 2787.100000
2780.000000 2736.300000
2754.600000 2736.300000
2729.200000 2736.300000
2773.700000 2710.900000
2773.700000 2685.500000
2773.700000 2660.100000
2773.700000 2634.700000
2773.700000 2609.300000
2824.500000 2609.300000
2849.900000 2609.300000
2875.300000 2609.300000
2875.300000 2558.500000
2849.900000 2558.500000
2824.500000 2558.500000
2786.400000 2571.200000
2773.700000 2526.800000
2773.700000 2501.400000
2799.100000 2463.300000
2799.100000 2412.500000
2780.000000 2380.700000
2754.600000 2380.700000
2729.200000 2380.700000
2722.900000 2412.500000
2722.900000 2463.300000
2672.100000 2501.400000
2672.100000 2526.800000
2634.000000 2507.700000
2634.000000 2482.300000
2634.000000 2456.900000
2634.000000 2431.500000
2634.000000 2406.100000
2634.000000 2380.700000
2634.000000 2355.300000
2634.000000 2329.900000
2634.000000 2304.500000
2634.000000 2279.100000
2532.400000 2304.500000
2532.400000 2279.100000
2532.400000 2253.700000
2507.000000 2228.300000
2532.400000 2228.300000
2557.800000 2228.300000
2583.200000 2228.300000
2608.600000 2228.300000
2634.000000 2228.300000
2634.000000 2253.700000
2672.100000 2253.700000
2672.100000 2228.300000
2672.100000 2202.900000
2672.100000 2177.500000
2773.700000 2177.500000
2773.700000 2152.100000
2824.500000 2152.100000
2849.900000 2152.100000
2875.300000 2152.100000
2849.900000 2114.000000
2824.500000 2114.000000
2799.100000 2114.000000
2773.700000 2114.000000
2748.300000 2114.000000
2722.900000 2114.000000
2697.500000 2114.000000
2672.100000 2114.000000
2672.100000 2152.100000
2634.000000 2177.500000
2634.000000 2152.100000
2627.600000 2114.000000
2602.200000 2114.000000
2576.800000 2114.000000
2551.400000 2114.000000
2526.000000 2114.000000
2500.600000 2114.000000
2475.200000 2114.000000
2449.800000 2114.000000
2468.900000 2158.500000
2532.400000 2152.100000
2532.400000 2177.500000
2494.300000 2183.900000
2468.900000 2209.300000
2468.900000 2260.100000
2494.300000 2285.500000
2468.900000 2310.900000
2468.900000 2361.700000
2494.300000 2387.100000
2468.900000 2412.500000
2468.900000 2463.300000
2468.900000 2514.100000
2494.300000 2488.700000
2532.400000 2329.900000
2532.400000 2355.300000
2532.400000 2380.700000
2532.400000 2406.100000
2532.400000 2431.500000
2532.400000 2456.900000
2532.400000 2482.300000
2532.400000 2507.700000
2507.000000 2571.200000
2481.600000 2571.200000
2456.200000 2571.200000
2430.800000 2571.200000
2468.900000 2615.700000
2494.300000 2641.100000
2468.900000 2666.500000
2468.900000 2717.300000
2494.300000 2742.700000
2468.900000 2768.100000
2468.900000 2818.900000
2494.300000 2844.300000
2468.900000 2869.700000
2468.900000 2920.500000
2494.300000 2945.900000
2468.900000 2971.300000
2430.800000 3028.400000
2456.200000 3028.400000
2481.600000 3028.400000
2507.000000 3028.400000
2532.400000 3028.400000
2557.800000 3028.400000
2583.200000 3028.400000
2532.400000 2964.900000
2532.400000 2939.500000
2532.400000 2914.100000
2532.400000 2888.700000
2532.400000 2863.300000
2532.400000 2837.900000
2532.400000 2812.500000
2532.400000 2787.100000
2532.400000 2761.700000
2532.400000 2736.300000
2532.400000 2710.900000
2507.000000 2685.500000
2532.400000 2685.500000
2557.800000 2685.500000
2583.200000 2679.200000
2608.600000 2679.200000
2634.000000 2634.700000
2634.000000 2609.300000
2532.400000 2634.700000
2532.400000 2609.300000
2532.400000 2571.200000
2557.800000 2571.200000
2583.200000 2571.200000
2608.600000 2571.200000
2634.000000 2571.200000
2659.400000 2571.200000
2684.800000 2571.200000
2710.200000 2571.200000
2735.600000 2571.200000
2761.000000 2571.200000
2672.100000 2609.300000
2672.100000 2634.700000
2672.100000 2660.100000
2672.100000 2685.500000
2672.100000 2710.900000
2634.000000 2679.200000
2634.000000 2710.900000
2634.000000 2736.300000
2634.000000 2761.700000
2634.000000 2787.100000
2634.000000 2812.500000
2634.000000 2837.900000
2634.000000 2863.300000
2634.000000 2888.700000
2634.000000 2914.100000
2634.000000 2939.500000
2634.000000 2964.900000
2672.100000 2958.600000
2672.100000 2984.000000
2608.600000 3028.400000
2634.000000 3028.400000
2659.400000 3028.400000
2684.800000 3028.400000
2710.200000 3028.400000
2735.600000 3028.400000
2761.000000 3028.400000
2786.400000 3028.400000
2824.500000 3015.700000
2849.900000 3015.700000
2875.300000 3015.700000
2926.100000 3041.100000
2926.100000 2964.900000
2926.100000 2914.100000
2875.300000 2914.100000
2875.300000 2939.500000
2849.900000 2939.500000
2849.900000 2914.100000
2824.500000 2914.100000
2824.500000 2939.500000
2799.100000 2920.500000
2773.700000 2958.600000
2773.700000 2984.000000
2722.900000 2920.500000
2722.900000 2869.700000
2729.200000 2837.900000
2754.600000 2837.900000
2780.000000 2837.900000
2799.100000 2869.700000
2824.500000 2837.900000
2849.900000 2837.900000
2875.300000 2837.900000
2926.100000 2837.900000
2926.100000 2787.100000
3002.300000 2837.900000
3002.300000 2787.100000
3053.100000 2787.100000
3103.900000 2787.100000
3103.900000 2837.900000
3053.100000 2837.900000
3053.100000 2914.100000
3103.900000 2914.100000
3103.900000 2964.900000
3053.100000 2964.900000
3002.300000 2914.100000
3002.300000 2964.900000
3002.300000 3041.100000
3053.100000 3041.100000
3103.900000 3041.100000
3167.400000 3041.100000
3167.400000 2964.900000
3167.400000 2914.100000
3167.400000 2837.900000
3167.400000 2787.100000
3167.400000 2710.900000
3103.900000 2710.900000
3053.100000 2710.900000
3002.300000 2710.900000
3002.300000 2660.100000
3053.100000 2660.100000
3103.900000 2660.100000
3053.100000 2583.900000
3002.300000 2583.900000
3002.300000 2533.100000
3053.100000 2533.100000
3103.900000 2533.100000
3103.900000 2583.900000
3167.400000 2660.100000
3167.400000 2583.900000
3167.400000 2533.100000
3167.400000 2456.900000
3103.900000 2456.900000
3053.100000 2456.900000
3002.300000 2456.900000
3002.300000 2406.100000
3053.100000 2406.100000
3103.900000 2406.100000
3167.400000 2406.100000
3167.400000 2329.900000
3167.400000 2279.100000
3103.900000 2202.900000
3053.100000 2202.900000
3002.300000 2202.900000
3002.300000 2152.100000
3053.100000 2152.100000
3103.900000 2152.100000
3167.400000 2152.100000
3167.400000 2202.900000
3243.600000 2202.900000
3294.400000 2279.100000
3243.600000 2279.100000
3243.600000 2329.900000
3294.400000 2329.900000
3294.400000 2406.100000
3243.600000 2406.100000
3243.600000 2456.900000
3294.400000 2456.900000
3294.400000 2533.100000
3243.600000 2533.100000
3243.600000 2583.900000
3294.400000 2583.900000
3294.400000 2660.100000
3243.600000 2660.100000
3243.600000 2710.900000
3294.400000 2710.900000
3294.400000 2787.100000
3243.600000 2787.100000
3243.600000 2837.900000
3294.400000 2837.900000
3345.200000 2914.100000
3383.300000 2901.400000
3383.300000 2850.600000
3345.200000 2837.900000
3345.200000 2787.100000
3383.300000 2774.400000
3383.300000 2723.600000
3345.200000 2710.900000
3345.200000 2660.100000
3383.300000 2647.400000
3383.300000 2596.600000
3345.200000 2583.900000
3345.200000 2533.100000
3383.300000 2520.400000
3383.300000 2469.600000
3345.200000 2456.900000
3345.200000 2406.100000
3383.300000 2393.400000
3383.300000 2342.600000
3345.200000 2329.900000
3345.200000 2279.100000
3383.300000 2266.400000
3383.300000 2215.600000
3345.200000 2202.900000
3345.200000 2152.100000
3294.400000 2202.900000
3294.400000 2152.100000
3243.600000 2152.100000
3167.400000 2075.900000
3167.400000 2012.400000
3103.900000 2012.400000
3103.900000 2075.900000
3053.100000 2075.900000
3002.300000 2075.900000
3053.100000 2012.400000
3002.300000 2012.400000
2926.100000 2012.400000
2926.100000 1936.200000
3002.300000 1936.200000
3053.100000 1936.200000
3103.900000 1936.200000
3167.400000 1936.200000
3243.600000 1936.200000
3294.400000 1936.200000
3345.200000 1936.200000
3408.700000 1936.200000
3408.700000 2012.400000
3345.200000 2012.400000
3294.400000 2012.400000
3243.600000 2012.400000
3243.600000 2075.900000
3294.400000 2075.900000
3345.200000 2075.900000
3383.300000 2088.600000
3383.300000 2139.400000
3459.500000 2088.600000
3497.600000 2088.600000
3497.600000 2126.700000
3459.500000 2139.400000
3459.500000 2215.600000
3497.600000 2215.600000
3497.600000 2253.700000
3459.500000 2266.400000
3459.500000 2342.600000
3497.600000 2342.600000
3497.600000 2380.700000
3459.500000 2393.400000
3459.500000 2469.600000
3497.600000 2469.600000
3497.600000 2507.700000
3459.500000 2520.400000
3459.500000 2596.600000
3497.600000 2596.600000
3497.600000 2634.700000
3459.500000 2647.400000
3459.500000 2723.600000
3497.600000 2723.600000
3497.600000 2761.700000
3459.500000 2774.400000
3459.500000 2850.600000
3497.600000 2850.600000
3497.600000 2888.700000
3459.500000 2901.400000
3383.300000 2977.600000
3345.200000 2964.900000
3294.400000 2964.900000
3294.400000 2914.100000
3243.600000 2914.100000
3243.600000 2964.900000
3243.600000 3041.100000
3294.400000 3041.100000
3345.200000 3041.100000
3383.300000 3028.400000
3459.500000 3028.400000
3459.500000 2977.600000
3497.600000 2977.600000
3497.600000 3015.700000
3535.700000 3066.500000
3561.100000 3066.500000
3586.500000 3066.500000
3599.200000 3015.700000
3599.200000 2977.600000
3599.200000 2888.700000
3599.200000 2850.600000
3599.200000 2761.700000
3599.200000 2723.600000
3599.200000 2634.700000
3599.200000 2596.600000
3599.200000 2507.700000
3599.200000 2469.600000
3599.200000 2380.700000
3599.200000 2342.600000
3599.200000 2253.700000
3599.200000 2215.600000
3675.400000 2266.400000
3675.400000 2291.800000
3675.400000 2317.200000
3675.400000 2342.600000
3675.400000 2368.000000
3675.400000 2393.400000
3675.400000 2418.800000
3675.400000 2444.200000
3675.400000 2469.600000
3675.400000 2495.000000
3675.400000 2520.400000
3675.400000 2545.800000
3675.400000 2571.200000
3675.400000 2596.600000
3675.400000 2622.000000
3675.400000 2647.400000
3675.400000 2672.800000
3675.400000 2698.200000
3675.400000 2723.600000
3675.400000 2749.000000
3675.400000 2774.400000
3675.400000 2799.800000
3675.400000 2825.200000
3675.400000 2850.600000
3675.400000 2876.000000
3675.400000 2901.400000
3675.400000 2926.800000
3675.400000 2952.200000
3675.400000 2977.600000
3675.400000 3003.000000
3726.200000 3003.000000
3726.200000 2977.600000
3726.200000 2952.200000
3726.200000 2926.800000
3726.200000 2901.400000
3726.200000 2876.000000
3726.200000 2850.600000
3726.200000 2825.200000
3726.200000 2799.800000
3726.200000 2774.400000
3726.200000 2749.000000
3726.200000 2723.600000
3726.200000 2698.200000
3726.200000 2672.800000
3726.200000 2647.400000
3726.200000 2622.000000
3726.200000 2596.600000
3726.200000 2571.200000
3726.200000 2545.800000
3726.200000 2520.400000
3726.200000 2495.000000
3726.200000 2469.600000
3726.200000 2444.200000
3726.200000 2418.800000
3726.200000 2393.400000
3726.200000 2368.000000
3726.200000 2342.600000
3726.200000 2317.200000
3726.200000 2291.800000
3726.200000 2266.400000
3726.200000 2241.000000
3726.200000 2215.600000
3675.400000 2241.000000
3675.400000 2215.600000
3700.800000 2088.600000
3675.400000 2088.600000
3650.000000 2088.600000
3599.200000 2126.700000
3599.200000 2088.600000
3586.500000 2012.400000
3535.700000 2012.400000
3484.900000 2012.400000
3586.500000 1936.200000
3535.700000 1936.200000
3484.900000 1936.200000
3446.800000 1796.500000
3421.400000 1796.500000
3396.000000 1796.500000
3249.900000 1682.200000
3249.900000 1656.800000
3249.900000 1631.400000
3249.900000 1606.000000
3249.900000 1580.600000
3351.500000 1580.600000
3351.500000 1606.000000
3351.500000 1631.400000
3351.500000 1656.800000
3351.500000 1682.200000
3497.600000 1669.500000
3497.600000 1694.900000
3497.600000 1720.300000
3599.200000 1720.300000
3599.200000 1694.900000
3599.200000 1669.500000
3650.000000 1669.500000
3675.400000 1669.500000
3675.400000 1644.100000
3726.200000 1669.500000
3726.200000 1644.100000
3726.200000 1618.700000
3726.200000 1593.300000
3675.400000 1567.900000
3650.000000 1567.900000
3650.000000 1593.300000
3675.400000 1593.300000
3675.400000 1618.700000
3650.000000 1644.100000
3650.000000 1618.700000
3548.400000 1548.900000
3573.800000 1548.900000
3650.000000 1491.700000
3675.400000 1491.700000
3675.400000 1517.100000
3650.000000 1517.100000
3650.000000 1542.500000
3675.400000 1542.500000
3726.200000 1567.900000
3726.200000 1542.500000
3726.200000 1517.100000
3726.200000 1491.700000
3726.200000 1466.300000
3726.200000 1440.900000
3726.200000 1415.500000
3726.200000 1390.100000
3726.200000 1364.700000
3726.200000 1339.300000
3726.200000 1313.900000
3726.200000 1288.500000
3726.200000 1263.100000
3726.200000 1237.700000
3726.200000 1212.300000
3726.200000 1186.900000
3726.200000 1161.500000
3726.200000 1136.100000
3726.200000 1110.700000
3726.200000 1085.300000
3726.200000 1059.900000
3726.200000 1034.500000
3726.200000 1009.100000
3726.200000 983.700000
3726.200000 958.300000
3726.200000 932.900000
3726.200000 907.500000
3726.200000 882.100000
3675.400000 932.900000
3675.400000 958.300000
3675.400000 983.700000
3675.400000 1009.100000
3675.400000 1034.500000
3675.400000 1059.900000
3675.400000 1085.300000
3675.400000 1110.700000
3675.400000 1136.100000
3675.400000 1161.500000
3650.000000 1161.500000
3650.000000 1186.900000
3675.400000 1186.900000
3675.400000 1212.300000
3650.000000 1212.300000
3650.000000 1237.700000
3675.400000 1237.700000
3675.400000 1263.100000
3650.000000 1263.100000
3650.000000 1288.500000
3675.400000 1288.500000
3675.400000 1313.900000
3650.000000 1313.900000
3650.000000 1339.300000
3675.400000 1339.300000
3675.400000 1364.700000
3675.400000 1390.100000
3675.400000 1415.500000
3675.400000 1440.900000
3675.400000 1466.300000
3650.000000 1466.300000
3650.000000 1440.900000
3650.000000 1415.500000
3650.000000 1390.100000
3650.000000 1364.700000
3586.500000 1301.200000
3561.100000 1301.200000
3561.100000 1199.600000
3586.500000 1199.600000
3650.000000 1136.100000
3650.000000 1110.700000
3650.000000 1085.300000
3650.000000 1059.900000
3650.000000 1034.500000
3650.000000 1009.100000
3650.000000 983.700000
3650.000000 958.300000
3650.000000 932.900000
3650.000000 907.500000
3675.400000 907.500000
3675.400000 882.100000
3650.000000 882.100000
3586.500000 831.300000
3561.100000 831.300000
3535.700000 831.300000
3319.800000 882.100000
3294.400000 882.100000
3269.000000 882.100000
3243.600000 882.100000
3218.200000 844.000000
3218.200000 882.100000
3192.800000 882.100000
3167.400000 882.100000
3142.000000 882.100000
3116.600000 844.000000
3116.600000 882.100000
3091.200000 882.100000
3091.200000 958.300000
3116.600000 958.300000
3142.000000 958.300000
3167.400000 958.300000
3192.800000 958.300000
3218.200000 958.300000
3243.600000 958.300000
3269.000000 958.300000
3294.400000 958.300000
3319.800000 958.300000
3345.200000 1015.500000
3345.200000 1040.900000
3345.200000 1066.300000
3243.600000 1066.300000
3243.600000 1040.900000
3243.600000 1015.500000
3192.800000 1015.500000
3192.800000 1040.900000
3192.800000 1066.300000
3091.200000 1066.300000
3091.200000 1040.900000
3091.200000 1015.500000
3021.300000 990.100000
3021.300000 1015.500000
3021.300000 1040.900000
3021.300000 1066.300000
2919.700000 1066.300000
2919.700000 1040.900000
2919.700000 1015.500000
2919.700000 990.100000
2875.300000 971.000000
2849.900000 971.000000
2824.500000 971.000000
2824.500000 945.600000
2849.900000 945.600000
2875.300000 945.600000
2875.300000 869.400000
2849.900000 869.400000
2824.500000 869.400000
2773.700000 869.400000
2773.700000 894.800000
2773.700000 920.200000
2672.100000 869.400000
2634.000000 869.400000
2634.000000 894.800000
2672.100000 894.800000
2672.100000 920.200000
2672.100000 945.600000
2672.100000 971.000000
2729.200000 996.400000
2754.600000 996.400000
2773.700000 945.600000
2773.700000 971.000000
2780.000000 996.400000
2824.500000 1047.200000
2849.900000 1047.200000
2875.300000 1047.200000
2875.300000 1098.000000
2849.900000 1098.000000
2824.500000 1098.000000
2780.000000 1098.000000
2754.600000 1098.000000
2729.200000 1098.000000
2722.900000 1129.800000
2672.100000 1218.700000
2722.900000 1180.600000
2799.100000 1129.800000
2849.900000 1174.200000
2875.300000 1174.200000
2875.300000 1199.600000
2849.900000 1199.600000
2824.500000 1199.600000
2824.500000 1174.200000
2799.100000 1180.600000
2773.700000 1218.700000
2773.700000 1244.100000
2824.500000 1275.800000
2849.900000 1275.800000
2875.300000 1275.800000
2875.300000 1326.600000
2849.900000 1326.600000
2824.500000 1326.600000
2824.500000 1402.800000
2824.500000 1428.200000
2849.900000 1428.200000
2849.900000 1402.800000
2875.300000 1402.800000
2875.300000 1428.200000
2964.200000 1377.400000
2964.200000 1479.000000
2875.300000 1504.400000
2849.900000 1504.400000
2824.500000 1504.400000
2824.500000 1555.200000
2849.900000 1555.200000
2875.300000 1555.200000
2875.300000 1631.400000
2849.900000 1631.400000
2824.500000 1631.400000
2824.500000 1656.800000
2849.900000 1656.800000
2875.300000 1656.800000
2875.300000 1733.000000
2849.900000 1733.000000
2824.500000 1733.000000
2786.400000 1745.700000
2761.000000 1745.700000
2773.700000 1701.300000
2773.700000 1675.900000
2799.100000 1637.800000
2799.100000 1587.000000
2780.000000 1555.200000
2754.600000 1555.200000
2729.200000 1555.200000
2722.900000 1587.000000
2722.900000 1637.800000
2735.600000 1745.700000
2710.200000 1745.700000
2684.800000 1745.700000
2659.400000 1745.700000
2634.000000 1745.700000
2608.600000 1745.700000
2583.200000 1745.700000
2557.800000 1745.700000
2532.400000 1745.700000
2507.000000 1745.700000
2481.600000 1745.700000
2456.200000 1745.700000
2430.800000 1745.700000
2468.900000 1688.600000
2468.900000 1637.800000
2468.900000 1587.000000
2494.300000 1561.600000
2468.900000 1536.200000
2532.400000 1529.800000
2532.400000 1555.200000
2532.400000 1580.600000
2532.400000 1606.000000
2532.400000 1631.400000
2532.400000 1656.800000
2494.300000 1663.200000
2532.400000 1682.200000
2634.000000 1682.200000
2672.100000 1701.300000
2672.100000 1675.900000
2634.000000 1656.800000
2634.000000 1631.400000
2634.000000 1606.000000
2634.000000 1580.600000
2634.000000 1555.200000
2634.000000 1529.800000
2634.000000 1504.400000
2634.000000 1479.000000
2634.000000 1453.600000
2634.000000 1428.200000
2634.000000 1402.800000
2608.600000 1402.800000
2583.200000 1402.800000
2557.800000 1402.800000
2532.400000 1402.800000
2507.000000 1402.800000
2532.400000 1428.200000
2532.400000 1453.600000
2532.400000 1479.000000
2532.400000 1504.400000
2468.900000 1485.400000
2494.300000 1460.000000
2468.900000 1434.600000
2468.900000 1383.800000
2494.300000 1358.400000
2468.900000 1333.000000
2430.800000 1288.500000
2456.200000 1288.500000
2481.600000 1288.500000
2507.000000 1288.500000
2532.400000 1288.500000
2532.400000 1326.600000
2532.400000 1352.000000
2557.800000 1288.500000
2583.200000 1288.500000
2608.600000 1288.500000
2634.000000 1326.600000
2634.000000 1352.000000
2672.100000 1326.600000
2672.100000 1352.000000
2672.100000 1377.400000
2672.100000 1402.800000
2672.100000 1428.200000
2729.200000 1453.600000
2754.600000 1453.600000
2780.000000 1453.600000
2773.700000 1428.200000
2773.700000 1402.800000
2773.700000 1377.400000
2773.700000 1352.000000
2773.700000 1326.600000
2786.400000 1288.500000
2761.000000 1288.500000
2735.600000 1288.500000
2710.200000 1288.500000
2684.800000 1288.500000
2659.400000 1288.500000
2634.000000 1288.500000
2672.100000 1244.100000
2634.000000 1225.000000
2634.000000 1199.600000
2634.000000 1174.200000
2634.000000 1148.800000
2634.000000 1123.400000
2634.000000 1098.000000
2634.000000 1072.600000
2634.000000 1047.200000
2634.000000 1021.800000
2634.000000 996.400000
2634.000000 971.000000
2634.000000 945.600000
2608.600000 945.600000
2583.200000 945.600000
2557.800000 945.600000
2532.400000 894.800000
2532.400000 869.400000
2468.900000 875.800000
2494.300000 901.200000
2468.900000 926.600000
2507.000000 945.600000
2532.400000 945.600000
2532.400000 971.000000
2532.400000 996.400000
2532.400000 1021.800000
2532.400000 1047.200000
2532.400000 1072.600000
2532.400000 1098.000000
2532.400000 1123.400000
2532.400000 1148.800000
2532.400000 1174.200000
2532.400000 1199.600000
2532.400000 1225.000000
2494.300000 1206.000000
2468.900000 1231.400000
2468.900000 1180.600000
2468.900000 1129.800000
2494.300000 1104.400000
2468.900000 1079.000000
2468.900000 1028.200000
2494.300000 1002.800000
2468.900000 977.400000
2176.800000 945.600000
2176.800000 971.000000
2176.800000 996.400000
2176.800000 1021.800000
2176.800000 1047.200000
2176.800000 1072.600000
2176.800000 1098.000000
2176.800000 1123.400000
2176.800000 1148.800000
2176.800000 1174.200000
2176.800000 1199.600000
2176.800000 1225.000000
2176.800000 1250.400000
2176.800000 1275.800000
2075.200000 1275.800000
2075.200000 1250.400000
2075.200000 1225.000000
2075.200000 1199.600000
2075.200000 1174.200000
2075.200000 1148.800000
2075.200000 1123.400000
2075.200000 1098.000000
2024.400000 1098.000000
1999.000000 1098.000000
1973.600000 1098.000000
1973.600000 1047.200000
1999.000000 1047.200000
2024.400000 1047.200000
2075.200000 1072.600000
2075.200000 1047.200000
2075.200000 1021.800000
2075.200000 996.400000
2075.200000 971.000000
2075.200000 945.600000
2024.400000 945.600000
2024.400000 971.000000
1999.000000 971.000000
1973.600000 971.000000
1973.600000 945.600000
1999.000000 945.600000
2024.400000 869.400000
1999.000000 869.400000
1973.600000 869.400000
1922.800000 869.400000
1922.800000 894.800000
1922.800000 920.200000
1922.800000 945.600000
1922.800000 971.000000
1929.100000 996.400000
1903.700000 996.400000
1878.300000 996.400000
1821.200000 971.000000
1821.200000 945.600000
1821.200000 920.200000
1821.200000 894.800000
1821.200000 869.400000
1783.100000 869.400000
1783.100000 894.800000
1681.500000 894.800000
1681.500000 869.400000
1618.000000 875.800000
1643.400000 901.200000
1618.000000 926.600000
1656.100000 945.600000
1618.000000 977.400000
1643.400000 1002.800000
1618.000000 1028.200000
1618.000000 1079.000000
1643.400000 1104.400000
1618.000000 1129.800000
1618.000000 1180.600000
1618.000000 1231.400000
1643.400000 1206.000000
1681.500000 1225.000000
1681.500000 1199.600000
1681.500000 1174.200000
1681.500000 1148.800000
1681.500000 1123.400000
1681.500000 1098.000000
1681.500000 1072.600000
1681.500000 1047.200000
1681.500000 1021.800000
1681.500000 996.400000
1681.500000 971.000000
1681.500000 945.600000
1706.900000 945.600000
1732.300000 945.600000
1757.700000 945.600000
1783.100000 945.600000
1783.100000 971.000000
1783.100000 996.400000
1783.100000 1021.800000
1783.100000 1047.200000
1783.100000 1072.600000
1783.100000 1098.000000
1783.100000 1123.400000
1783.100000 1148.800000
1783.100000 1174.200000
1783.100000 1199.600000
1783.100000 1225.000000
1821.200000 1218.700000
1872.000000 1180.600000
1872.000000 1129.800000
1878.300000 1098.000000
1903.700000 1098.000000
1929.100000 1098.000000
1948.200000 1129.800000
1999.000000 1174.200000
2024.400000 1174.200000
2024.400000 1199.600000
1999.000000 1199.600000
1973.600000 1199.600000
1973.600000 1174.200000
1948.200000 1180.600000
1922.800000 1218.700000
1922.800000 1244.100000
1973.600000 1275.800000
1999.000000 1275.800000
2024.400000 1275.800000
2024.400000 1326.600000
1999.000000 1326.600000
1973.600000 1326.600000
1999.000000 1402.800000
1973.600000 1402.800000
1973.600000 1428.200000
1999.000000 1428.200000
2024.400000 1402.800000
2024.400000 1428.200000
1973.600000 1504.400000
1999.000000 1504.400000
2024.400000 1504.400000
2024.400000 1555.200000
1999.000000 1555.200000
1973.600000 1555.200000
1948.200000 1587.000000
1929.100000 1555.200000
1903.700000 1555.200000
1872.000000 1587.000000
1872.000000 1555.200000
1872.000000 1453.600000
1903.700000 1453.600000
1929.100000 1453.600000
1922.800000 1428.200000
1922.800000 1402.800000
1922.800000 1377.400000
1922.800000 1352.000000
1922.800000 1326.600000
1935.500000 1288.500000
1910.100000 1288.500000
1884.700000 1288.500000
1859.300000 1288.500000
1833.900000 1288.500000
1821.200000 1244.100000
1808.500000 1288.500000
1783.100000 1288.500000
1757.700000 1288.500000
1732.300000 1288.500000
1706.900000 1288.500000
1681.500000 1288.500000
1656.100000 1288.500000
1630.700000 1288.500000
1605.300000 1288.500000
1579.900000 1288.500000
1618.000000 1333.000000
1618.000000 1383.800000
1618.000000 1434.600000
1643.400000 1460.000000
1618.000000 1485.400000
1618.000000 1536.200000
1643.400000 1561.600000
1618.000000 1587.000000
1618.000000 1637.800000
1618.000000 1688.600000
1643.400000 1663.200000
1681.500000 1682.200000
1681.500000 1656.800000
1681.500000 1631.400000
1681.500000 1606.000000
1681.500000 1580.600000
1681.500000 1555.200000
1681.500000 1529.800000
1681.500000 1504.400000
1681.500000 1479.000000
1681.500000 1453.600000
1681.500000 1428.200000
1681.500000 1402.800000
1656.100000 1402.800000
1643.400000 1358.400000
1681.500000 1326.600000
1681.500000 1352.000000
1706.900000 1402.800000
1732.300000 1402.800000
1757.700000 1402.800000
1783.100000 1352.000000
1783.100000 1326.600000
1821.200000 1326.600000
1821.200000 1352.000000
1821.200000 1377.400000
1821.200000 1402.800000
1821.200000 1428.200000
1783.100000 1402.800000
1783.100000 1428.200000
1783.100000 1453.600000
1783.100000 1479.000000
1783.100000 1504.400000
1783.100000 1529.800000
1783.100000 1555.200000
1783.100000 1580.600000
1783.100000 1606.000000
1783.100000 1631.400000
1783.100000 1656.800000
1783.100000 1682.200000
1821.200000 1701.300000
1821.200000 1675.900000
1872.000000 1637.800000
1922.800000 1701.300000
1922.800000 1675.900000
1948.200000 1637.800000
1973.600000 1656.800000
1999.000000 1656.800000
1973.600000 1631.400000
1999.000000 1631.400000
2024.400000 1631.400000
2024.400000 1656.800000
2075.200000 1707.600000
2075.200000 1682.200000
2075.200000 1656.800000
2075.200000 1631.400000
2075.200000 1606.000000
2075.200000 1580.600000
2075.200000 1555.200000
2075.200000 1529.800000
2075.200000 1504.400000
2075.200000 1479.000000
2075.200000 1453.600000
2075.200000 1428.200000
2075.200000 1402.800000
2113.300000 1352.000000
2138.700000 1352.000000
2176.800000 1402.800000
2176.800000 1428.200000
2176.800000 1453.600000
2176.800000 1479.000000
2176.800000 1504.400000
2176.800000 1529.800000
2176.800000 1555.200000
2176.800000 1580.600000
2176.800000 1606.000000
2176.800000 1631.400000
2176.800000 1656.800000
2176.800000 1682.200000
2176.800000 1707.600000
2176.800000 1733.000000
2075.200000 1733.000000
2024.400000 1733.000000
1999.000000 1733.000000
1973.600000 1733.000000
1935.500000 1745.700000
1910.100000 1745.700000
1884.700000 1745.700000
1859.300000 1745.700000
1833.900000 1745.700000
1808.500000 1745.700000
1783.100000 1745.700000
1757.700000 1745.700000
1732.300000 1745.700000
1706.900000 1745.700000
1681.500000 1745.700000
1656.100000 1745.700000
1630.700000 1745.700000
1605.300000 1745.700000
1579.900000 1745.700000
1325.900000 1733.000000
1325.900000 1707.600000
1325.900000 1682.200000
1325.900000 1656.800000
1325.900000 1631.400000
1325.900000 1606.000000
1325.900000 1580.600000
1325.900000 1555.200000
1325.900000 1529.800000
1325.900000 1504.400000
1325.900000 1479.000000
1325.900000 1453.600000
1224.300000 1504.400000
1224.300000 1479.000000
1224.300000 1453.600000
1224.300000 1428.200000
1224.300000 1402.800000
1186.200000 1415.500000
1186.200000 1390.100000
1186.200000 1364.700000
1186.200000 1339.300000
1186.200000 1313.900000
1186.200000 1288.500000
1186.200000 1263.100000
1186.200000 1237.700000
1186.200000 1212.300000
1186.200000 1186.900000
1186.200000 1161.500000
1186.200000 1136.100000
1186.200000 1110.700000
1186.200000 1085.300000
1224.300000 1072.600000
1224.300000 1098.000000
1224.300000 1123.400000
1224.300000 1148.800000
1224.300000 1174.200000
1224.300000 1199.600000
1224.300000 1225.000000
1224.300000 1250.400000
1224.300000 1275.800000
1262.400000 1339.300000
1287.800000 1339.300000
1325.900000 1428.200000
1325.900000 1402.800000
1325.900000 1275.800000
1325.900000 1250.400000
1325.900000 1225.000000
1325.900000 1199.600000
1325.900000 1174.200000
1325.900000 1148.800000
1325.900000 1123.400000
1325.900000 1098.000000
1325.900000 1072.600000
1325.900000 1047.200000
1325.900000 1021.800000
1325.900000 996.400000
1325.900000 971.000000
1325.900000 945.600000
1224.300000 945.600000
