248096.988013
260847.952617
247361.809198
263907.367739
247377.800067
268322.292199
248278.505175
266641.677111
250249.830096
253808.400156
247969.800429
260083.554798
247108.615833
262985.146377
249006.080126
256766.846503
247774.413218
261411.213285
248008.318511
256929.329482
248086.866667
261727.899790
247906.566976
255393.933891
246930.897877
264671.578217
248680.768095
261488.201866
249777.222065
263506.735642
249922.027657
258711.245647
249519.277507
255959.957517
247694.211421
263416.728683
248427.741597
266410.496293
247600.877342
258422.334956
247735.475883
264139.654973
247162.018756
256846.713151
247501.455563
257052.744411
247135.212682
257995.713236
248428.415862
266121.535222
248695.615112
267351.254267
248921.816912
265565.926337
247422.865615
254614.764888
247458.543842
259860.910242
249683.803796
264447.121411
247640.000257
258413.476334
248310.307546
259872.272286
247534.854655
264987.831438
248401.461074
265409.608488
249885.794172
268438.249531
249887.127477
258756.506482
247650.240514
262005.420833
247649.183702
266167.813192
251695.556087
263738.337175
248021.311089
257861.168678
248650.813394
264245.448803
247755.367276
252653.390558
246994.830185
268382.195531
245385.497841
264661.409578
247086.006447
260211.882827
248215.907721
257817.895248
244878.629482
256515.396588
247020.833189
255526.209237
245514.368889
252914.043160
244961.139762
261865.670834
246839.486590
267470.294324
245982.776084
264920.051264
245929.286681
259160.499203
249973.985025
269060.953394
246027.050008
265333.380298
245702.519972
260949.446349
245227.930257
263435.643209
245806.823977
261042.721446
245602.324544
261306.224242
246916.632060
256671.527961
247003.752157
268121.264902
250690.197311
258093.243490
246028.722014
263185.883922
247889.053941
262042.755112
247686.760060
251466.580615
245511.086605
260366.372256
245886.488694
258769.924884
245177.535502
265176.140502
245532.942823
266303.376999
246696.471847
264127.726440
247169.529407
257350.069332
245447.315508
256656.075033
246050.982680
263177.803015
246846.351466
256144.825646
245973.179436
266394.411224
246523.070115
264937.649809
245827.501643
258494.647232
245693.484086
258035.770552
245789.026127
268488.310356
251027.250319
256145.222713
246198.342572
253298.358798
245336.261021
257286.079851
247042.195921
260194.273627
248314.562833
254274.573266
245362.306760
257979.364658
245298.898789
257182.295521
245615.785022
261591.179785
245898.217963
258972.913360
246092.806929
267777.841310
246186.961623
265876.432138
245666.959671
263388.857332
247066.348945
265057.542012
247690.468239
258796.516590
245177.587766
266172.322735
249088.657240
255216.180712
245575.313825
256536.045138
245193.425301
259818.135092
244785.515103
259825.454924
248049.279871
257565.388217
246694.577942
264811.362410
245142.934747
261274.934954
246501.510931
259328.609584
247230.997861
257068.860617
245405.972738
260464.664142
246394.485283
250018.431712
244469.357755
258342.710962
244715.331474
261191.639401
246327.727309
255371.567494
246265.831698
259925.708977
246805.660830
268937.867174
247471.238049
269462.464590
245242.444330
256368.080913
245089.804367
247061.051170
244158.300916
258190.517890
244189.143475
259627.232752
247502.871349
261813.164553
244805.045764
261883.130155
244397.021117
259204.692797
245926.189363
261097.642390
244878.853250
263862.874978
249544.944405
262539.432911
246374.613060
256205.656784
245573.268451
257887.278972
244166.070157
254741.574756
244229.259060
257349.622611
246031.218015
266575.111146
245198.741753
263746.176729
246766.902973
262032.178443
246840.313776
255327.506519
246495.185921
258243.761720
245547.014848
258691.833852
246573.313199
258407.728315
246016.674452
250772.033993
245303.275491
259670.747472
244511.380428
263400.662961
247759.006781
262212.086265
246012.269238
249966.143145
244891.098274
260953.190772
246623.774865
253385.756898
244537.785840
258224.248385
244613.446019
259102.405594
246211.288465
258476.085032
247135.140076
256765.611089
245943.121925
253823.914666
246801.137001
260950.286622
244941.609622
260247.744842
245986.531370
263311.177061
246010.485830
261512.154987
247378.454774
263962.105865
251396.752347
260899.848065
244746.249384
264025.237391
246377.499863
255406.218204
245809.045164
262581.657886
245381.838588
258831.428398
245925.809998
265190.401072
245410.615919
260718.157634
245176.314725
262309.036620
246244.276999
263938.048012
247836.129131
263052.716221
245002.935341
262484.114688
245309.532169
260767.697957
244001.920808
264121.598561
246364.478889
261321.101379
246574.719658
261131.157885
246810.238630
260508.037791
246623.067087
258930.796574
245352.736877
252498.216775
244630.516803
250776.929232
244196.748594
260581.691844
245684.375430
260695.553566
246431.449644
257805.866304
247080.755977
268785.714432
246982.201751
258894.155351
244275.772496
255532.073459
246489.491095
251921.303051
245410.085655
255407.326746
245648.567519
259722.056231
247467.926859
255363.314883
246857.634669
260328.448991
245014.906046
260564.614617
246241.457219
258501.111710
246116.935425
254650.461123
245329.790709
255420.345577
244753.513828
256974.915590
242767.041923
261924.071077
246393.981347
259961.145807
245005.612642
261026.138836
246249.229696
257214.981763
243818.283111
255427.845804
244141.765551
254299.686165
244716.139558
265113.973031
247595.579227
252688.800649
243622.077624
264455.869245
245587.425238
262793.896246
243977.704262
255213.792845
243536.532375
254406.504983
242582.433959
262173.228678
247617.734805
266656.156104
242704.071848
246190.767826
242582.433959
252346.619519
244374.138572
260946.510332
244438.377731
256159.709995
244981.162787
257341.068551
243283.366681
257005.323078
244062.317568
253281.995082
242758.494707
250209.745870
243759.974219
253945.769576
243943.384204
256344.086639
242884.010596
254946.710398
243485.068200
264769.358122
242972.420866
262412.853410
244999.901759
263159.902253
246662.616783
261136.850939
244933.483684
258817.015475
245431.481172
249537.965242
243285.427765
258945.750113
244745.465380
262042.939869
246965.677895
257135.136619
245493.117482
256784.331577
242978.676058
262412.258579
243348.259601
258061.148043
246046.479316
256073.382632
243071.471895
257850.651914
244020.742382
262016.382144
245768.570743
246727.822760
242775.878190
255323.722813
244132.525715
251433.466536
245495.711032
265677.281719
244609.555403
254221.853669
244441.760909
260187.172188
244726.656569
257414.157182
243465.898114
258528.089449
244584.738849
264694.486187
244339.997362
255719.837407
244745.901527
259479.028996
245127.910404
252884.387450
242993.530971
258327.980231
244812.606075
252860.580665
243709.720614
261783.714618
243087.366827
245917.007317
242644.256305
262447.056747
245192.103324
263161.776288
245481.407630
261442.454019
243792.915665
254317.050739
244345.484742
254414.869572
243496.427410
261418.319513
244403.408668
261807.201854
245398.681503
258327.047386
242205.396266
255260.684837
243471.600165
263395.848581
247508.843736
262803.098572
245787.643575
258251.654267
245729.935549
250391.064787
243079.747021
264466.188075
243008.262915
262556.688569
243466.227435
258325.208893
245449.920443
256696.163686
243159.985179
251083.011550
242972.393885
261875.729725
243861.911194
254038.551301
244190.896393
256837.825769
243963.768381
252666.160500
243657.893854
261645.546210
244299.872133
258902.529333
243151.277685
255149.944774
242924.139768
248886.465186
241466.151639
258497.513901
244563.912910
254482.236759
241361.687673
259835.871635
241654.048733
252232.839347
243830.031287
257203.798216
243999.910022
248743.856621
243670.874227
248530.592311
240831.274063
261026.754391
246060.167727
257375.768940
243250.469886
256669.766297
241693.018847
257950.708909
241037.311280
260574.366481
242829.372120
248923.866674
242649.548688
261019.915891
243825.054674
261200.549123
246788.337037
255958.710343
240708.970642
252077.329009
240417.167929
260008.713703
243092.525482
267549.346224
246788.533317
256147.623751
243994.075835
251956.012086
241235.201721
251379.414060
240729.239514
263166.933403
245971.758962
255264.059561
241099.429579
255408.191797
243623.066663
258214.799276
242712.304166
264680.655440
244898.056034
264464.071191
245897.258706
250585.528406
243001.923120
253255.045472
243539.804762
263783.145937
247653.465131
262608.802118
245259.544985
255387.959198
243311.129458
256652.623503
244690.508381
260695.427800
245653.535330
264426.282136
245259.838255
257923.752700
243104.474207
264305.182532
243694.882680
260318.835142
244372.174784
258002.652940
246624.698137
253916.938928
243352.408686
260857.736598
244440.096840
263094.401135
247161.888196
251853.746690
244018.947615
260157.035170
246095.630594
257373.935799
245007.853619
259778.276204
244566.633599
251195.994960
242773.266759
246010.637083
242292.877729
257321.396943
243633.967717
257796.810702
243415.158888
251800.875831
243244.054412
261581.689916
244575.359749
262945.007435
245466.611370
253141.651931
242398.848286
254368.013430
244428.175837
253961.676845
243232.293326
253328.296468
243233.283514
255062.787789
243100.927159
256311.051860
243165.361583
251455.507663
243236.254140
261476.366352
242672.214543
257199.341274
243057.761531
249034.864214
243253.288163
261452.641528
244542.738314
252236.744560
243500.679599
257473.721613
245560.998951
261683.351009
244011.340313
249304.207581
242698.484449
251386.259647
243114.019289
252643.686363
243494.930977
254530.887699
243192.645968
251193.581687
244492.199743
251769.325190
244046.337555
255357.720288
244971.281867
263268.099940
245522.571193
261081.789150
246083.028876
254376.665912
245984.325643
254693.753832
242665.092946
258346.260389
244149.277417
250858.027570
244409.732403
258654.714978
245236.326853
256983.490078
243617.387969
266650.154287
244659.341540
256161.402204
244167.741373
252929.397427
243070.949730
257475.163204
244938.773407
254865.585753
241314.495488
268843.963757
246865.559395
256622.605762
242437.821000
255576.987412
242236.334738
258085.952446
242411.750950
258615.539193
244416.401964
262684.572389
245551.309135
259429.805379
244554.833949
260881.924843
243888.940432
266369.771357
243182.207329
244843.783548
241741.781766
260605.366175
245228.084377
259289.984602
244047.477224
258763.104677
243255.314527
261199.833543
244368.418704
258697.130910
242862.385450
250336.648383
241001.485596
255971.047196
245360.512306
250804.452696
243165.280950
254981.815587
243084.661513
255340.921980
242837.662090
248519.264237
240988.897469
251586.389092
243692.738887
257831.828570
242696.870437
250639.063581
242077.956435
256847.150198
242013.483337
254709.154201
242446.016394
255395.994529
242845.287267
249915.336611
241810.640972
253809.311252
241758.280921
254666.260512
242074.864916
268012.341662
243287.791178
250878.261414
241497.523920
249538.273549
242364.851364
259335.112939
243044.285845
251681.628614
240881.558300
253168.455393
242897.044991
264272.551589
241868.874972
248512.517517
241023.820184
247019.159039
241797.047242
250849.492727
241462.248071
260086.858266
244005.557067
253189.796686
240881.558300
254824.608784
243459.334370
254483.047820
244444.013597
255365.561949
245043.953803
256353.917114
243536.415163
256577.308716
243144.089927
259127.654580
241807.865077
253336.443137
242888.259844
262607.484006
242310.379448
258701.255399
241840.274505
263682.266154
243596.562462
256739.198261
243486.346387
250533.693251
242444.415227
256261.490142
242039.163917
259986.355825
242860.061524
253433.623326
241956.901531
253210.564680
241338.728767
265176.542564
243620.125717
264590.796935
243806.240285
246577.784350
242033.067386
253846.865562
245660.007793
264159.030283
244154.715364
253895.328725
240521.338864
251560.913643
242383.133500
252217.009378
240705.182670
263697.774368
244392.126116
256688.019896
242762.594182
256079.114336
240419.311444
251566.425141
242697.647802
257904.100625
243127.005937
256638.776567
240287.382806
249438.234711
242256.188161
250722.432393
241682.387509
249872.125566
242903.319284
257020.466312
243258.281730
258633.628398
243033.283294
256367.354983
241253.323026
259442.268366
242194.204437
259806.775832
242281.663278
262417.014080
244122.208560
253383.775075
242406.842343
253192.903722
240887.316217
247186.850824
241051.591688
244392.182666
247618.585418
260758.886581
245910.734191
260393.233380
245642.648380
257402.911835
246560.982185
266002.938695
248249.974453
266759.520354
246264.887597
254210.315999
245473.343378
263068.529911
247163.755391
267377.656553
247701.477694
259979.416550
245208.453991
255308.387280
246142.094663
254543.794418
245656.066313
268079.340147
250014.297746
255848.864308
246425.456600
265495.431273
245223.424432
268950.987808
250821.570590
254334.497632
244533.908238
260485.523472
244040.745326
261786.599482
247827.177604
260997.659946
245864.678158
259048.060427
246457.236177
266171.499711
250503.224044
263696.218232
245502.294158
261323.757182
246652.720468
255490.206091
244800.614759
260451.792189
244679.570990
258189.439862
244582.011269
246929.168694
244376.332968
258185.041282
244545.938583
256725.966169
246499.508718
251484.954757
243857.541292
266388.100567
246045.432623
259252.526771
246567.578104
261500.325530
247706.796412
259268.883855
245920.336323
260162.955147
245685.129485
252325.998181
244653.205780
248466.861218
244349.692283
254917.969726
245124.600542
259943.023474
247664.157155
261824.390948
246223.301033
265007.517285
245537.785812
253547.007679
246860.335703
269967.477928
249353.814334
264426.253355
245947.842408
257931.943342
247170.278682
260862.297701
248839.402664
262252.382913
247122.378411
257046.509780
245259.139447
257447.366101
246945.309781
257576.988298
245595.809092
261942.190169
247326.745441
259432.198858
244694.706117
260518.528156
244910.135257
258332.935754
247549.006539
263277.811316
244256.537911
258004.119669
244762.014205
249325.135648
243867.196049
252971.304591
245258.675384
266495.513779
247370.506570
260653.798945
247453.748594
257823.457670
245169.898530
268988.403234
248477.029383
260064.992353
245415.202723
263274.030300
246924.148427
265049.788275
245390.512170
255882.504939
245741.583818
262194.340851
247446.376822
256152.090924
245796.794957
253264.338869
244718.716136
249540.012109
244848.586123
263440.022391
246661.148987
254686.769014
245280.922554
265963.582887
246475.984413
256725.327434
247001.601787
261381.150343
244694.769981
259491.091539
246280.627550
259793.762688
245304.955552
254915.982844
245043.470880
261531.504924
246341.970415
256968.641775
243928.524159
264182.932145
247741.971238
255587.994283
246737.680541
261784.810214
247231.762802
260858.529638
246665.967177
264857.952189
245312.065604
258355.124536
246566.778796
247799.589392
244041.255846
264796.386699
244701.469898
258235.754596
245698.371724
253528.811393
244701.551958
258803.550632
246553.465260
257309.516493
245321.896613
260150.088518
246632.794513
254459.724716
246103.550228
249167.629403
245755.620155
263990.692646
247900.325052
266379.554514
244652.895180
269194.775820
250171.091176
267829.088226
247442.844897
260938.334821
246912.965011
254549.406646
245519.130513
258056.228486
243812.114575
256604.943612
246564.305669
261500.736158
245153.573705
253115.830049
245203.867977
265266.981154
246542.763410
255671.591898
245287.888632
259494.849666
246166.401843
256571.949911
245054.237045
260790.595314
247061.515064
262465.363235
248138.449796
258961.816668
245949.314382
267338.194008
247822.325798
259756.238923
247004.512784
259893.134379
244769.732817
250744.142318
246850.034096
256638.732569
246733.574491
266547.808713
245207.107360
255985.349253
245702.387866
258680.359155
247681.498254
247507.042089
244199.677898
260808.268349
247686.795911
261996.713392
247119.941891
261302.396310
244007.083685
247869.115020
245318.981175
263015.583284
247327.832781
259436.146147
243809.073308
262608.803865
244579.144615
254381.021667
244063.139063
245635.752257
243863.808901
250784.382488
245070.028355
255116.646371
245043.543029
255824.512396
245004.789163
254666.073936
244796.975186
267293.483834
252074.615120
251063.667484
245239.243852
255116.020303
243720.601177
262395.284424
246043.004850
259258.217172
244122.558872
261506.579231
244862.541184
257237.843895
244022.117691
253241.561855
245410.017554
253705.025075
244976.864326
255435.997080
244650.960207
261657.706719
247124.023352
252129.964419
243543.336457
255062.869914
246254.170417
249185.696377
241723.604924
257931.077574
244331.801754
256669.849788
243556.651545
256941.574480
244061.347166
246661.522327
240964.677291
255019.406747
241876.837108
249665.924794
241656.860018
258167.983790
242910.854884
252195.239469
241304.668822
259358.896377
245034.147241
259627.256805
243154.479769
244302.548166
241166.236299
250338.561137
242405.761152
262066.118679
243415.557580
256485.703699
245736.957327
253312.803096
243194.478886
253822.968854
242533.431322
253591.305325
243330.357688
255669.358006
244659.283655
256444.254648
242813.817562
253043.509524
241483.927674
260433.914816
241371.950971
253105.241331
242896.466867
260305.646057
243937.815311
249981.086247
241447.089676
261008.082330
242232.678253
249635.637071
242248.441237
251851.078886
241230.949614
255559.718314
243065.443534
264783.326309
245150.330296
249535.299684
241674.717448
255693.556555
241002.430454
252586.213341
241260.543907
252025.382091
242441.082256
257518.801599
244523.449649
257047.471578
243534.073769
256029.274286
241715.525526
261232.022007
246865.727963
247801.926796
241577.190406
258559.445135
244661.436957
252340.464651
240341.515517
256005.523891
246133.878549
252588.230395
243154.416505
250962.080143
242015.852925
246690.806976
240483.780747
259273.917176
241552.226060
258259.450912
243536.265312
256302.858020
244728.647433
257683.979122
242865.822616
253508.018366
244066.897608
258826.447321
244591.232947
258272.709482
245151.062915
251475.916831
242017.408714
255467.128125
243227.802689
247930.004302
242065.869505
256960.200980
242126.847814
256366.903338
241042.723138
256282.356527
240758.348389
255236.821939
241996.790466
253852.586416
240410.960432
254067.467346
242562.544579
256482.597020
241936.694612
255280.399814
242476.691283
258603.345504
241512.828871
259491.620732
243688.170993
254695.494109
241693.106515
250861.199440
241775.472227
246954.343629
241358.207718
249458.118428
240950.647378
254635.513215
245478.439301
256844.298550
246027.115531
256882.619384
242054.752569
259186.684969
242011.574714
259170.383051
242908.728801
257627.906155
246126.655124
255172.455388
241296.113780
265959.593606
242101.474644
248370.821557
241142.748621
258896.748429
246476.440425
254842.837433
241416.239859
259197.809838
244503.700860
260920.360311
243494.103597
255087.328382
243666.124556
251198.877694
242486.872996
262096.226464
243635.050198
255624.702126
244131.005821
253640.971657
240414.516915
246001.079271
242751.753231
256979.176631
243621.417923
258504.483469
245385.327620
258069.380956
244671.905768
260018.943844
242717.840076
252108.330900
242774.722386
243188.576352
241009.866813
257837.659362
242479.424348
250053.957615
241004.061832
256321.455663
243178.622080
254284.587586
241712.294516
248116.777338
241344.501005
256023.839258
244035.923273
255411.681434
244567.008889
249931.696714
241608.094263
260049.771082
241436.591896
251085.794590
241344.909741
264735.072342
243656.164502
248300.111206
241828.820163
259650.967520
243435.019647
253230.883933
242125.549626
258603.700984
241177.596320
253732.258048
243807.349052
264588.341378
242765.207557
249253.561998
242289.656503
256445.294372
241994.896726
253093.594855
241420.426268
244304.600146
240543.660474
256539.583722
241862.200587
250989.121003
241706.488803
262641.848357
244728.427797
252691.144698
241067.138664
249492.645437
242945.592658
254094.043527
241613.117919
253342.402380
242969.340915
252047.138023
240865.407518
252628.231680
242108.923765
259111.958791
243970.171083
257648.017204
244161.479981
258913.624322
243257.805369
253968.441287
241632.875244
252760.033308
242083.940919
255074.004598
242743.100596
254162.261853
241268.781041
259549.296832
241336.421862
248680.545198
241579.393195
251689.140369
241549.467231
255463.505107
240748.161398
250063.341241
242616.763298
256215.104869
240359.642781
253293.187735
241363.389061
250642.308262
241387.420683
253691.068903
238213.204443
250054.801943
243236.941069
240930.209428
238860.721704
253249.596423
243819.056666
255508.558330
239175.544664
260214.371021
244427.951246
255160.522421
241571.808901
260424.198952
241249.079480
252844.374382
241103.136010
258427.015195
241118.292404
257445.655228
242125.914738
258905.558371
242107.899691
248838.148930
242499.396140
258204.727956
241906.627912
258637.656704
243443.203545
257340.569376
241865.970720
254553.837800
242467.242063
262061.056908
243655.740633
253746.351222
242097.257950
251629.204713
241464.918836
251424.019639
241347.365526
258258.159288
241889.495593
249027.916550
241317.004862
257191.363556
241434.135351
257186.659122
244378.016727
253074.160751
241130.136540
257057.178731
242746.477614
255188.718672
241267.922004
258651.325705
243853.040116
243853.040116
240227.808100
240227.808100
240227.808100
240227.808100
240227.808100
240227.808100
240227.808100
240227.808100
240227.808100
240227.808100
240227.808100
240227.808100
240227.808100
240227.808100
240227.808100
240227.808100
240227.808100
240227.808100
240227.808100
240227.808100
240227.808100
240227.808100
240227.808100
240227.808100
240227.808100
240227.808100
240227.808100
240227.808100
240227.808100
240227.808100
240227.808100
240227.808100
240227.808100
240227.808100
240227.808100
240227.808100
240227.808100
240227.808100
240227.808100
240227.808100
240227.808100
240227.808100
240227.808100
240227.808100
240227.808100
240227.808100
240227.808100
240227.808100
240227.808100
240227.808100
240227.808100
240227.808100
240227.808100
240227.808100
240227.808100
240227.808100
240227.808100
240227.808100
240227.808100
240227.808100
240227.808100
240227.808100
240227.808100
240227.808100
240227.808100
240227.808100
240227.808100
240227.808100
240227.808100
240227.808100
240227.808100
240227.808100
240227.808100
240227.808100
240227.808100
240227.808100
240227.808100
240227.808100
240227.808100
240227.808100
240227.808100
240227.808100
240227.808100
240227.808100
240227.808100
240227.808100
240227.808100
240227.808100
240227.808100
240227.808100
240227.808100
240227.808100
240227.808100
240227.808100
240227.808100
240227.808100
240227.808100
240227.808100
240227.808100
240227.808100
240227.808100
240227.808100
240227.808100
240227.808100
240227.808100
240227.808100
240227.808100
240227.808100
240227.808100
240227.808100
240227.808100
240227.808100
240227.808100
240227.808100
240227.808100
240227.808100
240227.808100
240227.808100
240227.808100
240227.808100
240227.808100
240227.808100
240227.808100
240227.808100
240227.808100
240227.808100
240227.808100
240227.808100
240227.808100
240227.808100
240227.808100
240227.808100
240227.808100
240227.808100
240227.808100
240227.808100
240227.808100
240227.808100
240227.808100
240227.808100
240227.808100
240227.808100
240227.808100
240227.808100
240227.808100
240227.808100
240227.808100
240227.808100
240227.808100
240227.808100
240227.808100
240227.808100
240227.808100
240227.808100
240227.808100
240227.808100
240227.808100
240227.808100
240227.808100
240227.808100
240227.808100
240227.808100
240227.808100
240227.808100
240227.808100
240227.808100
240227.808100
240227.808100
240227.808100
240227.808100
240227.808100
240227.808100
240227.808100
240227.808100
240227.808100
240227.808100
240227.808100
240227.808100
240227.808100
240227.808100
240227.808100
240227.808100
240227.808100
240227.808100
240227.808100
240227.808100
240227.808100
240227.808100
240227.808100
240227.808100
240227.808100
240227.808100
240227.808100
240227.808100
240227.808100
240227.808100
240227.808100
240227.808100
240227.808100
253418.452348
242477.556713
252640.065733
242027.682332
250988.808169
241651.453899
253743.876083
240247.056569
242782.661799
240227.808100
261690.333493
244922.655985
259989.272773
242685.812956
256295.039539
241542.968929
252729.942051
242811.663163
258713.122220
243245.096978
258907.145896
242800.047476
254774.270562
240344.850450
251388.376750
242737.630118
262046.189971
241989.760783
254155.215345
240955.670973
261672.810949
241839.055926
256631.437618
244333.650099
257447.714185
241316.442409
254007.178546
243351.411644
252052.721429
241478.022284
244932.691284
